! n_layers
12
! layer_sizes
4 50 45 40 35 30 25 20 15 10 5 2 
! intercepts
-0.053846 0.005682 0.018287 0.112013 -0.131099 -0.103741 -0.120565 0.032558 0.025315 -0.178590 -0.146264 0.033247 0.076007 -0.017453 -0.000463 -0.329477 0.051151 0.220237 0.157142 -0.036367 0.219611 0.067741 0.029483 -0.046046 0.004054 -0.014145 -0.068911 0.057155 0.092684 0.012634 -0.001711 0.109390 0.156471 0.236547 0.029641 -0.312755 -0.016609 -0.000396 -0.065029 0.010824 -0.064002 0.469798 -0.215250 -0.079117 -0.356565 0.146499 -0.037382 0.015478 -0.028323 -0.152553 
0.025127 0.050246 0.012421 0.036930 0.045409 0.009435 -0.025077 0.036604 -0.662830 0.018064 0.003084 0.014113 -0.000326 0.014773 0.004505 0.009346 -0.019998 0.037572 0.038909 0.022870 0.013247 -0.012563 -0.030566 0.048155 0.011131 -0.030364 -0.030333 0.007216 0.027750 -0.024085 -0.045152 0.050840 0.040446 -0.007460 0.027984 -0.000222 0.040652 0.030197 0.077126 0.062629 0.010085 0.080374 -0.415718 -0.005746 -0.065605 
0.007934 0.060825 0.005493 0.015713 0.115115 0.016041 0.057858 -0.221419 -0.123191 0.020018 0.025552 -0.211595 0.000000 -0.012344 0.073537 0.044651 0.040822 0.039933 0.084094 0.087169 0.047144 0.077527 -0.025852 0.011175 0.108837 -0.013504 0.105013 -0.034018 -0.005549 -0.020902 0.017458 0.070472 0.016225 -0.049417 0.040606 -0.032689 0.072102 0.004571 -0.023001 -0.285728 
0.075587 0.056618 -0.018267 0.008788 0.000000 0.098401 0.063684 -0.052175 -0.051134 -0.099337 0.020562 -0.025756 -0.010870 0.084278 -0.009029 -0.078459 -0.010480 -0.013493 0.031943 -0.009823 0.073482 -0.165855 0.019714 0.056804 0.024592 0.060701 -0.072457 0.099459 -0.022210 0.047110 -0.001152 0.104364 0.014933 -0.273655 -0.127595 
-0.058626 0.057702 0.014651 0.030054 0.064273 0.040858 -0.007130 -0.006897 -0.129401 -0.002084 -0.045153 0.098263 0.090023 0.044990 0.000394 0.069650 -0.029531 -0.658155 0.027427 0.114156 0.139391 0.153312 0.035623 0.160140 0.188645 0.031996 0.075095 -0.017419 0.007000 0.099044 
-0.007382 0.226486 -0.040540 -0.024436 0.033677 -0.104563 0.022381 0.161212 -0.114397 0.166650 0.032215 -0.057676 0.026171 0.082217 -0.059919 -0.051611 0.096886 -0.040366 0.001175 0.022905 -0.357406 -0.076834 -0.028898 0.055870 0.106581 
0.022640 0.031284 0.082414 0.097590 -0.230866 0.092976 -0.049073 0.089878 -0.367069 0.140868 0.062774 0.031487 -0.024822 0.079552 0.007710 0.062769 -0.246187 0.190847 -0.279195 0.026637 
0.120465 0.093698 0.030791 0.059065 0.051210 -0.365577 0.000000 -0.005454 0.378995 -0.072240 0.055172 0.011726 0.035639 0.003736 -0.258719 
0.089014 0.060533 0.146771 0.001757 -0.002098 0.047633 0.089754 0.145532 0.013023 -0.086357 
0.082200 0.009210 0.088897 0.071935 -0.172841 
-0.131702 -0.009281 
!! layer0
-0.266639 -0.256809 -0.243918 0.110645 
-0.324242 2.722499 0.337106 0.057661 
-1.028922 -0.995395 -1.349929 0.044176 
-1.247489 1.747808 1.392456 -0.134861 
2.695029 -1.035538 0.507991 0.177297 
0.531364 0.629094 0.689233 0.193821 
-0.597951 0.779288 1.032227 -1.174661 
-4.437451 -0.004634 -0.081417 -0.031491 
1.127848 -1.168541 -0.902915 -1.426456 
0.019811 1.407352 0.647719 -1.162246 
1.040416 0.802594 0.831036 0.100371 
0.481909 -0.554273 -0.945754 -0.019454 
4.089522 -0.389981 -0.201148 -0.058375 
-1.269566 4.442010 -0.434747 0.034625 
-2.137033 -1.112611 2.205807 0.010043 
0.825145 1.879223 0.190751 0.094176 
3.545378 3.235628 0.930856 -0.041144 
-1.519030 -1.825071 0.829131 -0.261424 
-0.523259 1.464412 -1.039467 -0.184063 
-1.399220 1.177950 -1.133074 0.120792 
1.534072 -2.163177 -0.466624 -0.240372 
-2.743412 -1.650195 -1.697280 -0.059818 
-1.038223 0.127971 1.407975 -0.006824 
-0.931291 1.240147 0.074183 0.061576 
1.390834 -1.467773 1.699614 0.000078 
1.090640 -0.220418 -4.180207 0.015274 
1.625102 0.666952 -1.906080 0.112812 
0.814125 -0.908005 0.523420 -0.053552 
2.173984 1.104811 -1.731872 -0.086693 
-0.120548 -0.048496 -1.102534 -1.247897 
-0.670090 0.424780 1.154682 0.027530 
0.900296 -0.738981 0.745669 -0.156779 
-0.292133 -1.104168 1.033576 -0.695093 
0.728986 1.489926 -0.305545 -1.450978 
-0.697134 1.018741 -0.741950 -0.133698 
1.282441 0.363474 -1.223604 -1.276544 
-1.465971 -1.547830 1.546029 0.019401 
0.038071 -4.537695 -0.005377 0.000275 
0.107727 -3.086851 -1.357879 0.190368 
-0.569964 0.216791 -0.440521 -0.036670 
0.080136 -0.190078 0.270935 0.061314 
1.412508 0.043345 -0.521090 -0.670441 
0.053387 -1.365053 0.689632 -0.865963 
0.076721 -0.247114 -0.289401 0.113753 
-1.496243 0.010942 0.493720 -0.314865 
1.807230 -0.101898 0.366191 -0.175532 
0.418780 0.013836 0.926935 0.060423 
-1.393487 2.306579 -1.519099 0.000082 
1.221538 0.780386 -0.549379 0.025160 
1.401350 -0.300702 0.700049 -1.139416 
!! layer1
0.013441 0.216715 -0.148123 0.439899 -0.065571 -0.272634 0.401702 0.403919 -0.526688 0.269069 0.148588 0.174626 0.119203 -0.242353 -0.080121 -0.540132 0.234209 0.227369 0.328546 -0.313996 0.181393 0.238932 -0.115057 -0.022735 0.426507 0.279635 0.238760 0.049234 0.209011 -1.260557 -0.083303 0.003294 0.322774 -0.756565 0.256510 -0.455976 0.111100 -0.276031 0.111351 0.074088 -0.099854 -0.484385 -0.496207 -0.179681 -0.011852 -0.349158 -0.061834 0.144009 -0.074855 -0.274199 
0.307020 -0.155529 -0.293516 -0.536813 0.315114 0.090152 -0.036240 0.531689 0.304689 -2.650944 -0.430667 -0.260286 0.802114 0.098978 0.014556 -0.429635 0.602329 -0.055661 -0.528602 -0.175871 0.242733 -0.375031 0.118053 -0.162407 0.274829 -0.302234 -0.166019 0.290617 0.032557 -5.083358 -0.121843 -0.508375 0.126872 -1.725800 -0.090458 -2.105427 0.218573 -0.083137 -0.212137 0.527808 0.081055 -0.615414 0.015966 0.109654 -0.211704 -0.807367 0.224412 -0.189555 0.120893 -0.437139 
-0.037383 0.220351 -0.345803 0.133208 -0.124815 0.270285 -0.210411 0.263080 0.149910 0.058158 0.191005 0.109675 0.291564 -0.049103 0.106095 0.181307 0.047910 -0.089482 0.056067 -0.169301 0.228866 0.042195 0.138302 0.009648 -0.027404 0.124089 -0.154060 -0.059056 -0.023228 0.167584 0.194354 -0.278674 0.094534 0.118481 -0.755534 0.720473 0.243990 -0.162222 -0.026824 -0.174891 0.253317 -0.135981 0.473040 -0.135232 -0.779145 0.137153 0.324831 -0.019425 0.116405 0.491439 
0.106913 0.070660 -0.411602 -0.105397 0.109702 0.193294 0.274793 0.266351 -0.639003 0.483775 -0.203018 -0.309194 -0.331213 -0.177430 -0.001105 0.114659 0.239168 -0.037727 0.499918 0.137417 -0.340310 -0.312095 0.061910 -0.000175 -0.092884 -0.257661 0.109514 0.053096 0.066635 0.202591 0.226561 -0.187153 0.088980 -0.101925 0.465326 -0.564670 -0.160446 0.203150 0.127399 0.050721 0.176701 0.267043 0.186072 0.261542 -0.112121 0.218779 0.261602 -0.098998 -0.107064 0.292206 
-0.057949 0.137407 -0.293581 0.095340 -0.029912 0.277834 0.044561 -0.115901 -0.590650 -0.055866 -0.062923 0.097541 0.032153 -0.092379 0.005829 -0.148610 0.171755 0.064323 0.131263 -0.149231 -0.421712 0.111429 0.418003 0.028201 -0.056053 -0.400073 -0.240913 0.027511 -0.247829 1.248757 0.294981 -0.088027 -0.764235 0.207646 0.513825 1.125345 0.059917 0.353374 -0.308326 0.114811 -0.085248 -0.095653 -0.029605 0.123199 0.118357 -0.027695 0.363632 -0.108723 0.278355 -0.582751 
-0.210568 0.264153 -0.074659 0.982952 -0.042620 -0.192250 0.761470 -0.169552 0.266426 0.143161 0.032899 0.055650 -0.123875 0.042447 -0.514540 -0.623525 -0.219372 0.480096 -0.226638 0.112497 -0.088651 0.863488 -0.433393 0.243013 -0.122626 0.341185 0.208529 -0.044855 0.219622 0.324831 -0.179159 0.267985 0.326856 -0.725662 -0.105158 -0.491527 -0.515853 -1.306931 0.075088 -0.207374 -0.103263 0.102625 -1.662254 0.140219 0.388652 0.291409 -0.099372 0.005031 -0.032509 -3.023070 
-0.174706 0.399216 -0.167280 -0.561723 -0.175330 0.175296 0.385314 -1.952347 0.781633 -0.022998 0.036567 -0.073694 -0.320966 0.777625 -0.128005 -1.133468 0.449721 0.240906 -1.190468 0.231877 0.556529 -0.297605 0.058090 0.017485 -0.284299 -0.187574 0.088171 -0.206778 -0.142321 -0.076157 0.088902 0.333788 -0.272097 -0.269821 -0.679304 0.655179 -0.177344 -0.011598 -0.249008 -0.678522 -0.004858 0.147496 -0.015364 -0.135244 2.954897 0.206556 0.034996 0.736238 0.135903 0.050364 
-0.249257 -0.164426 0.037103 0.191890 0.122319 -0.537056 0.239622 0.219910 0.011150 0.225999 0.479999 0.209998 0.248939 0.279522 0.080127 -0.369404 -0.082843 0.340661 0.178938 -0.357465 0.653794 0.174613 0.101688 0.092218 -0.041507 -0.022360 -0.021432 -0.216282 -0.336828 -1.164065 -0.247494 0.324292 0.086422 0.147063 0.121103 0.647472 -0.011250 0.093927 0.245533 -0.296732 -0.025824 -0.380853 0.395583 0.177111 -0.080283 0.093032 0.020132 0.334674 -0.173968 -0.175564 
-0.538591 -0.015191 0.080650 0.352146 -0.315414 0.562261 0.080350 0.296455 0.277448 0.235746 1.070110 -0.894408 -0.962641 -0.097611 0.160947 0.592365 0.080832 -0.492880 0.194019 0.206438 0.020899 0.515877 -0.102655 -0.545139 -0.013899 -0.303441 0.302850 -0.493101 0.067252 1.161738 0.112348 -0.929516 -0.194050 0.081068 0.106966 -0.862527 0.214260 0.050382 -0.025907 0.073376 2.788460 0.314619 -0.633523 0.701253 0.361820 1.158451 -0.723016 0.035256 -0.749561 -0.913329 
0.006074 0.044005 0.112137 0.305280 -0.130318 0.007717 -0.661374 -0.073421 0.065873 0.983158 0.647987 -0.170000 -0.425711 0.211119 0.136159 -0.337124 -0.318589 0.046052 -0.276372 0.216763 -0.029129 0.019297 -0.168021 -0.023778 0.489686 -0.083236 0.152165 -0.213817 0.342785 -0.193118 -0.353786 -0.921356 -1.393433 0.219564 -0.235924 0.688916 0.209736 0.605565 -0.038156 -0.189927 0.157063 -0.341346 -0.966920 0.137078 0.197317 0.788420 -0.270432 0.251574 0.108246 -0.550997 
0.218810 0.107685 0.509949 0.097109 -0.013339 0.077409 -0.708820 -0.020324 -0.450039 -1.396777 1.068885 -0.062549 -0.068336 0.032059 -0.468015 -0.388188 -0.550457 -0.331868 0.015346 0.025754 -0.012681 -0.239726 -0.051983 0.257539 -0.590397 0.093358 0.171042 -0.343337 -0.066132 -0.929832 0.086973 0.746423 -0.848899 -0.612385 -0.160872 0.610716 -0.894221 0.718257 0.025430 -0.351807 -0.013723 -0.055039 -0.195080 0.297882 4.062722 0.768839 0.017929 0.173653 0.146745 1.798201 
-0.096355 -0.103867 -0.020756 -0.239429 -0.206963 0.157318 1.039661 -0.354408 -3.970103 -1.888384 1.043518 0.102702 -0.197786 0.581537 0.352225 -2.014814 0.496133 -0.754885 0.023966 0.164801 -0.999577 0.037680 0.257102 -0.006948 -0.378882 -0.281958 -0.210375 0.254167 0.234418 -0.418892 0.297975 -0.600647 -0.559678 -0.995249 0.024670 0.944945 0.123709 1.541744 -0.254767 0.116834 -0.076191 0.082432 -1.397112 -0.006144 0.966428 -0.815189 -0.046293 0.247323 0.197014 -1.894597 
-1.095562 0.085391 0.284135 -0.182854 0.020648 0.124490 1.060729 0.214557 0.053242 -0.160918 0.342313 -0.192990 0.160486 -0.026396 0.005726 1.024787 -0.205898 -0.325768 -0.361456 -0.211672 -0.260424 -0.412375 -0.836575 -0.478071 -0.122507 0.037776 0.198524 -0.280471 -0.105486 0.135504 -0.815619 0.131957 0.157820 0.361859 -0.411630 -0.052223 -0.135003 0.491284 -0.030832 -0.283620 0.141465 -0.282812 1.295371 0.147414 0.059968 0.088079 -0.158778 -0.014513 0.295495 0.238087 
-0.105740 -0.188313 0.185770 -0.442912 -0.110995 -0.004346 0.815556 0.606958 -2.221899 0.250194 -0.345738 -0.056204 -0.623724 -0.069729 0.557373 2.554238 -1.506647 -1.355552 0.104031 0.095670 -0.133699 0.712152 0.001199 -0.037210 -0.090082 -0.316298 -0.194424 0.049002 -0.533194 0.553147 0.098556 -0.759870 -1.596123 1.146846 -0.098804 0.761645 0.133621 -2.915034 0.181384 -0.124890 0.072147 1.620059 0.339811 -0.103101 -0.276715 1.292727 -0.144827 0.027213 0.082997 0.163115 
0.113993 -0.124432 -0.246567 0.303726 -0.394436 0.003041 0.237914 -0.060775 -0.106592 0.614586 0.078601 0.246292 -0.027436 -0.064882 -0.065489 0.140432 0.294417 -0.167525 0.172673 0.173824 0.266011 0.053086 -0.113839 -0.258930 0.226007 0.211846 -0.042388 0.092877 0.031467 -0.210218 -0.360963 0.133549 -0.521398 -0.169410 -0.301711 -0.138333 0.293312 -0.065424 0.069601 0.268643 -0.041745 -0.424235 0.080758 0.035669 -0.543296 0.197487 -0.086887 0.112472 -0.038930 0.654138 
-0.164495 0.029976 -0.037747 0.045615 0.035118 0.252634 -0.408452 0.275358 0.156209 -0.137842 0.321168 -0.232052 0.173913 0.180677 0.183558 0.129871 0.721511 0.858225 -0.487628 0.033855 -0.158443 -0.163810 -0.108110 -0.145754 0.057678 0.285273 0.098055 0.006829 0.388336 -0.521031 -0.109742 0.351233 -0.470740 -0.238241 0.096908 -1.220349 0.289669 -0.362344 -0.213593 0.061177 0.000703 0.416586 -0.032281 -0.217030 -0.135498 0.193463 -0.181910 0.056682 0.180815 -0.464160 
0.011692 -0.032641 0.150749 0.207125 0.210072 0.212055 0.480409 -0.401368 0.532122 0.459975 0.340640 0.133845 0.075022 -0.221915 0.318092 -0.221050 0.222805 -0.216779 0.633835 -0.379582 0.276886 -0.236254 0.017021 -0.170638 0.001129 -0.059966 -0.332320 -0.058934 0.187536 0.020829 -0.088059 0.080647 -0.474015 -0.236633 1.375120 -1.241698 0.417158 0.370004 0.345700 0.256402 -0.080584 -0.344511 -0.689947 0.163346 1.277679 -0.584125 -0.250549 -0.497092 -0.108652 0.295767 
-0.092494 0.315189 -0.439277 -0.747760 -0.107374 -0.087859 0.432729 0.080207 -0.256864 -0.314844 0.196784 -0.058598 -1.077796 0.619716 0.231418 -0.302749 0.339883 -0.562603 -0.313342 -0.006478 0.599510 -0.230016 0.245107 0.239236 -0.065540 0.014235 -0.113136 0.048594 0.344587 0.565008 0.284133 0.410669 0.055288 -0.577808 -0.108462 -0.452631 0.553608 -0.593032 -0.203631 -0.081173 0.130908 0.454650 0.082075 -0.040740 -0.661191 0.047832 0.126009 0.293057 -0.102945 0.120206 
-0.153611 -0.074555 -0.053256 0.083093 -0.126228 -0.224100 0.895110 -0.741721 -0.655973 -0.511639 -0.529187 -0.065676 0.653448 0.379396 -0.152416 -0.300139 0.540434 0.653471 -0.273545 -0.211315 0.551681 -0.282546 -0.141879 0.094606 0.213857 0.199163 0.129116 0.012421 -0.078400 0.161266 0.194402 -0.119937 -0.186283 -0.061747 -0.181035 -0.236604 -0.882585 -0.173424 0.182373 0.029863 0.220992 -0.256259 -0.937755 -0.079634 0.709099 0.261553 0.019077 0.184291 0.029935 0.079563 
0.258753 -0.159289 0.272071 0.164763 -0.200228 -0.317805 0.878132 0.306400 0.033397 0.362961 0.038798 0.259353 0.366335 0.128869 -0.232565 -0.006429 -0.030720 -0.117623 0.027475 0.327524 0.159623 0.074595 -0.312927 -0.171346 -0.508149 0.048091 0.345879 0.098731 -0.022900 -0.511597 -0.090657 0.509279 -0.048930 -0.248571 -0.719309 -0.035083 -0.166475 0.284063 0.132374 -0.158414 0.098773 -0.100782 -1.346097 0.184959 -0.474185 -0.194283 -0.082214 0.002506 0.303585 -0.549799 
0.100390 0.326039 0.057589 0.479087 -0.221506 -0.288038 -0.069877 0.021579 0.064687 -2.107360 -0.347707 0.111140 0.034329 0.083278 0.005110 -0.233493 -0.443670 0.309878 -0.088787 0.200226 0.260758 -0.041300 0.031654 0.304410 0.146981 0.357186 0.037518 0.065982 0.137555 -0.153258 -0.222345 0.085123 0.064134 0.145963 -0.431248 0.098100 -0.036947 0.267594 -0.069543 -0.074108 -0.203743 -0.395582 -0.357907 0.148410 -1.756839 0.213829 -0.130229 0.453084 0.040980 0.714901 
0.273343 -0.071417 0.239183 -0.014600 0.112872 0.068990 -0.880659 -0.120001 -1.047943 -1.402390 -0.201761 -0.000722 -0.023471 0.190417 -0.079156 -0.389659 0.139436 0.070530 0.290399 0.255616 -0.510960 -0.085782 -0.052510 -0.013364 -0.215383 0.297049 0.001525 -0.356222 -0.185977 -0.265456 -0.102486 0.147223 0.933104 0.041392 -0.131695 0.429605 -0.015477 0.419525 0.063736 0.079726 -0.187010 0.147225 -0.509270 0.102078 -0.204253 0.219297 -0.134126 0.317859 0.050262 0.456034 
0.065418 0.253127 0.114902 -0.962685 -0.258606 0.054169 -0.086719 0.640828 1.022648 -0.469439 -0.176567 -0.079547 -1.253432 0.861586 0.198036 -0.850092 0.118468 -0.309000 -0.605198 0.333202 0.625031 0.049639 0.180564 0.120436 -0.268803 -0.069049 -0.147241 -0.152497 -0.233891 0.065772 0.052817 0.982418 -0.371119 -0.223103 -0.280112 0.036446 0.103005 -0.571661 -0.118054 0.045542 -0.081973 0.439265 0.037930 0.033288 -0.129851 1.074269 -0.070316 0.374720 -0.121889 -1.811506 
-0.255790 -0.045159 -0.268329 0.256514 -0.016008 0.166619 0.489927 0.231069 0.449381 0.365502 -0.291907 -0.263128 0.423315 -0.140988 -0.192498 -0.366244 -0.093678 -0.111815 -0.235779 -0.053511 0.079092 -0.022051 0.184139 -0.162377 0.441064 0.202023 -0.395353 0.240473 0.218187 -0.135477 0.340888 -0.528276 -0.490115 0.404092 -0.059972 -0.474142 0.077809 0.415421 -0.124645 -0.291092 0.211799 -0.088230 -0.329861 0.009056 -0.061817 -0.303061 0.024572 0.135735 -0.014315 -2.216165 
-0.225133 0.061547 -0.268113 0.164396 -0.049427 -0.010508 -0.957443 0.138672 -2.830676 -1.436132 -0.492615 0.120211 0.513289 0.157939 0.021171 -0.855934 0.123420 0.450722 0.311160 -0.014587 -0.670167 -0.689460 0.268264 0.275391 0.072996 -0.220680 0.235597 0.076151 0.150924 -5.129837 0.370792 -0.070871 -0.059597 -0.392041 -0.292499 -0.122305 -0.029963 -0.139608 0.074966 0.332411 0.135908 -0.953314 0.666206 -0.082877 1.237223 0.049025 0.080458 -0.001006 0.232045 -0.198387 
-0.106603 0.222332 0.093093 0.107347 0.062289 0.391684 -0.736192 0.152605 0.155526 0.236981 0.390085 -0.135151 -0.208856 -0.030246 -0.106629 -0.445384 0.052218 0.295783 -0.248294 -0.292537 0.464517 0.351866 -0.000683 0.079496 0.403699 0.253008 0.031337 0.345585 0.068761 -0.226974 -0.028598 0.052653 -0.400889 0.144477 -0.136827 -1.024538 -0.013795 -0.107126 0.116201 0.115765 0.160899 0.271933 -1.660763 -0.110326 0.416462 0.425978 -0.229209 -0.052123 0.169679 0.492516 
-0.205264 0.283667 0.120942 0.176105 -0.270072 0.457236 -0.461759 -0.285643 -0.095189 -0.364266 0.358596 -0.076079 0.249881 0.027187 0.216425 -0.033105 0.205467 -0.142322 0.184888 -0.100847 0.114829 0.104005 0.007668 0.258537 0.229049 0.049963 -0.200377 0.140702 -0.093556 0.180867 -0.095367 0.195841 -0.215123 -0.246674 0.129087 0.477593 -0.166405 0.382576 -0.116135 -0.017301 0.226753 -0.433308 0.056386 -0.254800 0.034051 0.087667 0.286215 0.247871 0.159229 0.613938 
-0.040921 -0.120164 0.275889 -0.014256 0.065606 -0.026630 0.035864 0.301133 -0.480702 -0.276057 0.305387 0.124469 0.050347 0.162643 0.032285 -0.648679 0.195911 -0.232418 0.431192 0.106150 -0.013309 -0.105895 0.426146 -0.084342 0.547642 -0.469208 -0.259064 0.068784 0.144113 0.213026 0.219466 0.262735 -0.291901 -1.053635 0.255176 1.198293 -0.215877 0.262631 0.156534 0.331362 -0.105200 0.262503 -0.075646 -0.159706 -0.256840 0.443090 0.095812 -0.374709 -0.324965 -0.440276 
-0.069212 -0.077078 0.100673 -0.394081 0.112758 -0.043149 2.293227 -0.391190 0.370325 0.074580 -0.095330 0.324546 0.102680 0.221340 -0.897254 0.285029 0.459647 -0.415390 -0.132727 -0.024491 0.030395 -0.082882 -0.558472 0.099216 -0.140665 0.451287 0.128682 0.206936 0.286247 -0.038971 -0.382307 -0.232354 -0.286499 -0.461820 0.015044 0.679750 -0.877313 -0.372025 0.209393 0.118041 0.151682 -0.672497 -2.998705 0.064998 3.673005 -0.332412 -0.021640 -0.016838 0.017214 0.027107 
0.268178 -0.026392 -0.090251 -0.053327 0.167641 -0.292080 0.296023 0.041208 0.190781 -0.109604 -0.267578 0.336816 -0.027745 0.043206 -0.094004 -0.135947 0.127145 0.454858 0.169928 0.164969 -0.022712 -0.117586 -0.257539 -0.042028 0.262249 0.210037 0.312708 -0.315379 0.272534 -0.475914 0.117123 0.234375 -0.429131 -0.314232 -0.407162 -0.071454 0.184799 -0.330652 0.167193 -0.003312 0.097474 -0.282064 0.054887 0.215202 0.094386 0.044177 -0.199373 0.169725 0.026642 0.394352 
-0.164628 0.103168 0.205366 -0.109044 0.002417 0.309543 0.604617 0.348928 0.064319 -0.018164 0.281101 0.121085 -0.294465 -0.218157 -0.100556 -0.862071 0.272254 0.184310 0.163153 0.082066 -0.390559 -0.152010 -0.081817 0.200547 0.038275 0.168668 0.390559 -0.207211 -0.143520 -0.138754 -0.263092 0.500805 0.363840 -0.750386 0.466932 -1.338682 -0.221607 0.235061 -0.159783 0.086061 -0.486741 0.077886 0.019621 -0.101775 -0.708328 0.246724 -0.059559 -0.149715 -0.013135 1.310221 
-0.130524 -0.044492 -0.096370 0.252517 -0.022749 -0.172321 0.455956 0.286825 0.756520 0.035139 -0.072169 -0.235141 0.157297 0.089836 0.157990 -0.087869 0.126149 -0.222154 -0.199013 0.112926 0.175708 -0.102776 0.328593 -0.028582 0.335710 -0.023660 -0.106168 0.168762 0.092491 -0.875063 0.089467 -0.057482 -0.178605 -0.161358 0.204396 0.833062 0.064187 -0.064263 -0.201721 -0.202752 0.029233 -0.716164 0.487272 0.267550 -0.876313 -0.407449 0.071290 0.141469 0.141574 -0.028014 
0.000141 0.002480 -0.173859 -0.547262 -0.120756 0.031833 0.585863 0.402205 0.496472 0.224508 0.022813 0.175023 0.303566 0.468165 -0.593675 -0.606596 0.022785 -0.815334 0.212995 0.123389 0.086421 0.083715 0.091218 -0.035526 0.437018 0.234620 0.139465 0.103242 0.206498 0.059488 0.003714 0.188605 0.302587 -0.042131 -0.269088 0.232294 -0.511124 0.513487 -0.260105 -0.145309 -0.114616 -0.285565 0.076194 -0.218398 -0.388922 -0.439304 -0.125239 0.203600 0.204680 -0.999684 
0.106522 0.244045 -0.324761 -0.546061 0.065333 0.104366 0.657565 -0.482955 -0.162753 1.767979 -0.712477 0.003552 -0.079284 -0.088348 0.630273 -1.024160 0.283228 -0.356827 -0.424690 -0.060450 0.209725 -0.794028 0.130939 0.194474 0.178880 -4.404569 -0.320780 -0.092487 -1.001392 -0.114462 0.151568 -0.803535 -0.173395 -0.771180 0.150317 0.248920 0.403125 -0.308010 0.158969 0.062218 -0.060386 -2.130209 0.661119 0.029477 -0.422754 -0.440309 0.040215 -0.329042 0.115226 -0.652454 
-0.298484 0.132196 -0.211371 0.521155 0.193873 -0.071396 0.389590 -1.349901 0.277493 0.592716 -0.118441 0.313770 0.154338 -0.114622 -0.113034 0.035888 0.289500 0.248425 -0.080827 -0.203349 -0.072898 -0.616492 -0.040659 -0.272068 0.020730 0.384727 -0.067658 -0.240665 0.172937 0.368466 0.132541 -0.181151 0.570166 -0.129840 -0.010938 -0.318764 0.185745 0.062215 0.091372 -0.461376 -0.294366 -0.090395 0.218167 -0.028910 1.207164 -0.226578 0.027009 -0.144848 0.396220 -0.399377 
-0.017580 0.174516 0.056496 -0.225361 -0.408903 -0.027774 -0.039787 0.337341 -0.497243 0.056285 -0.669791 0.094865 0.000506 0.151090 -0.010521 -0.226477 0.385217 0.186254 -0.123987 0.345360 0.866092 -0.020146 0.321681 0.088755 -0.054072 -0.041969 0.098519 -0.295629 0.346651 0.184212 0.291404 0.305010 -0.012948 -0.248661 -0.419777 -0.147314 -0.336625 -0.228801 -0.418392 -0.218523 0.089731 0.263098 0.490304 0.174729 -0.748983 -0.434087 0.063777 0.266931 0.046990 0.423865 
-0.239027 0.019132 -0.105286 0.263439 0.130191 0.197260 0.294139 -0.189519 0.046187 0.164251 -0.186700 -0.120446 -0.328100 0.106617 -0.162197 -0.400638 -0.140503 0.256864 -0.064717 0.076872 0.115334 -0.517606 0.245878 0.213634 0.169119 -0.041482 0.282226 0.185131 -0.012235 -0.789015 0.203867 0.087336 0.207581 -0.023001 0.527537 0.452185 0.067250 -0.006923 -0.057592 0.145931 0.082268 0.278413 -1.133150 -0.136307 0.585727 0.000576 0.179360 0.074962 0.063167 -0.033283 
0.009182 -0.377457 0.106052 0.709410 0.319930 -0.070055 0.262781 -1.526302 -0.704934 -0.851536 -0.324276 0.174534 0.721323 -0.906941 -0.155480 -0.731936 0.201742 0.608132 0.929799 -0.202029 -0.916706 -0.144041 -0.273145 -0.117143 0.140454 -0.650850 0.284838 0.157667 0.827881 0.809420 -0.031874 -0.898697 0.292387 -0.548930 2.201119 -0.520755 0.081858 0.595440 -0.112585 -0.486575 0.006609 -0.373664 0.130800 0.168795 -0.013997 -1.479533 0.179698 -0.494137 0.070643 1.196337 
-0.127269 -0.339885 0.263833 0.016703 -0.141847 -0.343353 -0.845039 0.791698 0.290586 -0.334322 0.485280 0.121956 0.338938 -1.002400 0.143688 1.454491 -0.144524 -0.791914 0.139884 -0.408025 -0.263320 0.482333 0.088554 -0.026266 1.104150 0.375780 -0.201320 0.349090 0.256426 0.102282 -0.300524 -0.227802 -0.814310 0.733535 0.296241 -0.125259 0.300058 0.277046 0.292395 -0.076354 0.101328 0.411593 0.306929 -0.164716 -0.058012 0.094593 -0.224502 -0.329639 -0.001258 0.149800 
0.215573 -0.181987 0.362286 0.076553 -0.399440 0.094325 -0.026223 0.250284 0.301362 -0.101412 0.427412 0.377750 -0.202566 0.159574 -0.183355 0.156804 0.352478 0.283658 0.356732 0.054052 -0.211176 0.035891 -0.141388 0.071144 0.340784 -0.016919 -0.476068 -0.029526 -0.049037 -2.230758 -0.205199 0.317990 0.149529 -0.353828 -0.672035 0.422037 0.411114 -0.594828 -0.305085 -0.210736 0.114830 0.376659 0.812688 0.035948 -0.341373 -0.233901 -0.345335 0.274959 0.390774 -0.477070 
-0.134675 -0.175989 -0.155680 -0.344710 -0.152388 0.134189 0.101759 0.104073 0.154249 -1.031877 0.135016 0.010665 -0.239086 -0.442538 0.505237 -0.878835 0.093072 -0.187356 -0.345738 0.150415 -0.348191 -0.042658 -0.122687 -0.214148 0.239398 0.667385 -0.148609 0.191281 -0.066116 0.440193 -0.409282 0.615724 0.323060 0.315039 -0.131646 0.567709 0.211544 -0.188703 0.201420 -0.308083 0.123171 -0.100031 -0.176159 0.146567 -0.581883 0.243897 -0.203121 0.410825 0.103242 -0.013045 
0.217539 0.361762 -0.704333 0.094321 -0.140421 -0.108162 -0.058233 -0.157124 0.843015 -0.433603 -0.072537 0.247096 -0.262574 -0.054281 0.286398 0.022874 0.365907 -0.558084 0.053359 -0.085439 0.477362 0.052091 -0.220638 0.151526 -0.229113 -0.248014 -0.438262 -0.073441 0.396113 -1.299193 -0.355953 0.175786 -0.038991 0.472096 -0.008191 -0.765037 0.448933 -0.819235 -0.338829 0.098519 -0.105973 0.357266 0.678053 -0.268567 -0.522970 0.169797 0.209450 -0.026145 0.079558 0.355826 
-0.891368 -0.042123 0.226145 -0.246057 -0.282589 -0.070601 0.367011 0.105200 0.436292 0.481864 0.075446 0.460832 0.104015 -0.161090 0.004811 -0.274189 0.106202 -0.151931 0.318411 -0.049021 0.538957 0.332533 -0.151122 0.007300 0.037018 -0.134880 -0.057519 -0.391786 0.183514 -0.572253 0.191227 -0.040455 -0.263450 0.276171 0.603173 0.652402 0.048590 0.242819 -0.443259 -0.023598 -1.085168 0.284723 0.139489 -1.618342 -0.382663 0.223527 -0.273957 0.037995 0.008108 -0.297422 
0.099832 -0.274057 0.086631 1.137862 0.004840 0.167225 0.116218 -0.443015 0.375347 -0.223060 -0.134042 0.085479 -0.449639 -0.644450 0.451248 -0.115768 -2.689103 -3.426804 0.883082 0.161200 -0.051209 0.675723 0.041874 -0.100924 0.200692 -0.184253 -0.198563 0.045060 -0.726755 -0.054970 -0.078899 0.096620 -0.468562 0.094941 -0.432522 0.886825 0.348739 1.173503 0.263088 0.086723 0.068681 -0.607912 0.052729 0.029898 0.379018 0.043711 -0.006089 -0.176863 -0.044294 -0.073205 
0.380419 0.031625 0.029493 -0.173295 0.274776 -0.016576 0.308453 0.489822 -1.016537 0.346681 -0.469573 0.006323 -1.158015 0.353143 0.382885 0.207406 0.359543 0.152229 0.237953 0.234035 0.256702 0.026984 0.145436 0.016744 0.194163 -0.051530 -0.145202 0.026976 -0.332601 0.419223 -0.028949 -0.177402 -0.275917 0.154082 0.601692 0.916047 -0.118664 -0.771698 0.033652 0.260083 -0.483218 0.201655 -0.444342 -0.473819 0.037303 0.352372 -0.226600 -0.448886 0.012940 -0.579707 
!! layer2
0.240265 0.458039 0.002946 0.242789 -0.075255 0.078464 -0.578157 0.002393 0.268521 -0.066904 -0.510494 -0.129631 -0.996876 -0.212017 0.373567 -0.172454 0.138336 0.162539 0.226215 -0.190403 0.122509 0.226027 0.369490 0.067850 0.250528 -0.016090 0.086220 -0.293368 -0.231716 0.371851 0.136959 -0.159280 0.175165 -0.131426 0.670324 -0.184686 0.034031 0.643860 0.055865 -0.098654 0.159331 -0.225641 0.013034 0.515757 -0.213347 
-0.108457 0.300463 -0.133301 -0.177672 -0.021046 0.147314 -0.064868 0.307927 -0.161969 0.135997 -0.391814 0.556376 0.669601 0.772119 -0.360422 -0.445197 -0.159078 0.305503 0.086042 -0.117879 0.186966 0.288499 -0.461520 -0.052677 0.105635 0.065961 0.015420 0.020532 -0.142500 0.014424 -0.215557 0.251656 -0.051377 0.805288 -0.099262 -0.207282 -0.179330 0.160619 0.332967 0.264213 -0.044415 0.237658 0.481928 0.244868 0.317599 
-0.512150 -0.353747 -0.202471 0.134196 0.055164 -0.408716 0.055847 -0.008400 0.558994 0.102285 0.228060 0.220867 0.670130 -2.682906 -0.040552 -0.096860 0.329432 -1.031727 -0.238587 0.137104 -0.204002 0.075672 -2.206352 -0.023403 -0.396309 0.074618 -0.434299 0.217039 -0.501362 -0.065416 0.346248 -0.474790 -0.389561 -0.103550 -0.900171 -0.243725 0.279825 -1.193522 0.272516 -0.250356 0.104731 -0.235713 0.347400 1.072010 1.220435 
-0.151178 -0.246406 0.066601 0.214881 0.466988 -0.224981 0.187610 0.175804 0.164134 -0.022176 0.325076 -0.095630 -0.076541 0.059698 0.074215 0.070487 -0.211203 -0.190123 -0.063400 -0.041805 0.228364 -0.033134 -0.146406 0.222744 0.051038 0.098209 0.292153 0.170260 0.005773 0.119614 0.354703 0.235155 0.047981 -0.194966 -0.382665 -0.184177 0.358801 0.096682 -0.067893 -0.005388 -0.022969 -0.455427 0.665966 0.306202 -0.060645 
0.170027 -0.215516 -0.018614 -0.081518 -0.117981 0.036540 -0.280796 -0.161199 -0.538964 0.339507 0.007317 -0.355048 -0.400756 -0.224020 0.223735 -0.280927 -0.258884 -0.850505 -0.111120 -0.042951 0.286448 -0.118515 -0.570180 0.029063 -0.349826 0.259703 -0.174008 0.246954 -0.023362 0.481536 0.192176 0.116405 0.587603 0.139821 0.226708 0.016146 0.290714 0.025051 -0.245538 0.086369 0.160277 0.548637 -0.472494 -0.340350 0.742015 
0.001379 0.286255 0.028546 0.096539 0.083950 -0.899495 -0.309722 -0.076388 -0.396654 0.035278 -0.222519 0.156910 -0.169658 -0.374039 0.020470 0.236646 0.408880 -0.604942 0.131848 0.027737 -0.139838 -0.176851 1.093993 0.220848 0.039757 -0.167508 0.009778 0.194541 -0.286586 -0.160334 -0.115812 0.196422 -0.045161 0.264443 0.028270 0.422906 0.070109 0.407209 -0.466403 0.227706 -0.447944 0.039367 -0.009376 0.278318 -0.931293 
-0.276440 0.043639 0.278412 0.056584 0.343917 0.616498 -0.991090 0.210175 1.247385 -0.466888 0.133293 0.088743 -0.331463 -0.689167 -0.224053 0.087561 0.013612 -0.055336 0.365154 -0.209750 -0.222319 -0.288916 0.200561 0.436853 0.217598 -0.356811 -0.105218 0.123119 -0.147147 -0.104416 -0.423812 0.186437 0.279294 -0.088256 0.067527 -0.001840 -0.023242 0.062291 -0.004118 -0.109863 0.369541 0.029395 0.036949 0.269498 -0.015421 
-0.255336 -0.077080 -0.361150 0.111978 -0.618229 0.304142 0.090942 -0.849082 0.181972 0.003419 0.368501 -0.168182 -0.174020 0.209529 0.281241 0.051840 0.196771 0.004302 0.226742 0.174421 -0.021619 -0.084419 -0.353987 -0.583532 0.332065 -0.410971 0.299038 -0.332115 0.090300 -0.100389 -0.492455 0.442373 0.526002 0.512320 -0.229041 0.003528 0.055248 -0.229508 0.290269 0.267839 0.529059 -0.241239 0.562721 -0.306289 0.247095 
-0.023415 -0.109594 0.341064 -0.199253 -0.087066 0.099345 -0.185135 -0.032880 0.592487 0.023503 0.462852 -0.081640 -0.411969 -0.425867 -0.396011 0.056784 -0.294898 0.214114 -0.376056 0.117446 -0.014767 -0.520969 0.054807 -0.552866 0.123118 0.033322 0.428344 -0.074001 0.203199 -0.479341 0.167853 0.141220 0.182936 0.802676 -0.067255 0.176494 0.073572 0.310353 0.126368 -0.146266 -0.478738 0.102977 0.333548 -0.375140 0.069843 
-0.027018 0.092029 0.137045 0.112545 -0.346288 -0.313078 -0.681970 0.135805 0.277682 -0.029745 -0.073369 -0.398236 -0.286816 0.275850 0.209530 -0.118616 0.361893 -0.887725 -0.046064 0.183986 -0.468674 -0.128058 0.346458 0.150665 0.103272 0.138367 0.348710 0.261228 0.071628 -0.069502 -0.067544 -0.382351 -0.074239 -0.198142 0.047500 -0.441980 -0.294237 1.308502 0.255666 0.110611 0.209344 0.384324 0.157278 -2.406991 -0.256618 
-0.087262 -0.361549 -0.212302 -0.209825 -0.229645 -0.345211 0.066339 0.302773 -0.430029 0.377649 0.159190 -0.340253 -0.741732 -0.430125 -0.097075 0.160526 0.083190 0.083955 -0.172761 0.224783 0.043978 0.109825 0.113457 -0.096047 -0.088759 -0.332872 0.056186 0.179654 0.060620 -0.125392 -0.001847 0.083411 0.362075 0.330857 0.076463 0.027432 -0.171406 1.002578 0.016852 0.345507 0.114515 0.154818 0.266075 0.419944 0.153166 
-0.903138 0.065798 0.158439 -1.322286 0.062699 0.238682 0.168873 -0.026325 -0.132093 0.088376 0.288232 -0.108634 -0.658233 -0.065337 0.028616 -0.110644 0.230339 0.400142 -0.089626 -0.809904 -0.515002 -0.232405 -0.223266 -0.143347 -0.619247 0.271749 0.097408 -0.186250 -0.841477 -0.437370 0.595214 -0.053713 0.296630 -0.270582 0.188013 -0.376310 -0.272566 -0.933408 0.172639 -0.764331 -0.214208 0.265327 0.195752 -0.481392 0.237743 
0.036830 0.188349 -0.194229 0.250025 -0.244388 -0.023880 -0.116829 -0.244271 0.085381 -0.060142 -0.030574 0.081787 -0.145628 -0.052415 -0.187369 -0.016118 0.084294 -0.039251 -0.136306 0.163134 -0.250911 -0.130311 0.068589 -0.021366 -0.246152 -0.079467 -0.027191 -0.063599 -0.043220 -0.255865 -0.222002 -0.261145 -0.182129 0.008645 0.080056 0.065334 -0.174968 0.081101 -0.168938 -0.099288 -0.027594 0.166396 0.160623 0.020824 0.206650 
-0.254239 0.243134 -0.130362 -0.038231 0.178881 -0.639658 -0.604980 -0.258133 0.668447 -0.309557 -0.044483 -0.405427 0.385060 0.363332 0.364736 -0.320259 0.187723 0.239158 -0.160656 0.115532 -0.156353 -0.309195 0.058802 0.060810 0.372290 0.309450 0.068662 0.254930 0.629386 -0.045950 -0.038495 0.176309 -0.711180 -0.443917 0.418531 -0.627771 0.486225 0.228274 0.029756 0.400629 -0.447025 0.180558 0.247978 0.514898 0.332718 
-0.263422 0.010171 0.065535 -0.086116 0.072535 -0.070997 -0.116836 -0.306485 -0.182174 -0.141767 -0.296742 0.331499 -0.120374 -0.023787 -0.044669 -0.360239 -0.244634 0.320223 0.657080 0.420813 0.124427 0.107695 0.177119 0.073465 -0.496234 -0.146311 0.253135 0.052461 0.060608 0.375880 -0.059685 0.106988 -0.153428 -1.603923 -0.371019 0.192796 -0.197548 0.411521 0.337382 0.346029 0.042330 -0.523958 -0.415181 -0.158006 -0.453336 
-0.266000 0.228926 0.163775 0.192194 0.261302 -0.258797 -0.024005 -0.075191 1.315485 -0.128619 0.017610 -0.093044 0.011294 -0.556159 0.025557 0.125616 0.345438 -0.473354 -0.137617 0.139297 0.171125 0.081352 0.795382 0.071926 0.111376 0.290553 -0.094261 0.022010 0.135053 0.087631 -0.156235 0.123794 -0.039640 -0.789823 -0.340266 -0.086803 0.410765 0.610025 0.160799 -0.468985 -0.310357 0.062010 -0.178408 0.579491 -0.552899 
0.075300 -0.297572 -0.153550 -0.265022 -0.285662 -0.084924 0.236924 -0.139771 0.478005 0.205698 0.324870 0.421515 -0.359815 -0.032239 0.412369 -0.142502 0.132094 -0.513508 -0.108171 0.351450 0.175172 0.024391 -0.480607 0.156703 -0.422955 0.088427 -0.026049 -0.347032 0.081008 -0.023384 -0.156005 -0.039519 0.301401 -1.914297 0.078850 -0.055744 -0.349742 -0.479162 -0.139131 0.226903 0.186143 0.479138 0.152215 -0.008226 -0.008862 
0.213465 0.441632 0.042951 -0.150119 0.181375 -0.978846 -0.426751 0.177537 0.565687 -0.146289 0.106728 0.364263 0.437547 0.139144 -0.474916 -0.026899 -0.059607 -0.036171 -0.615658 -0.158034 -0.079010 -0.112692 -0.156039 0.085886 0.041252 -0.200587 -0.129510 0.279414 -0.357032 0.011459 0.711565 0.045439 0.188870 0.571062 0.343081 -0.170220 -0.347647 -0.140601 0.220775 0.150990 0.168992 -0.185924 -0.430250 -0.293403 0.242643 
0.058185 -1.010054 -0.133881 -0.334126 -0.593630 -0.160968 -0.099080 -0.435502 -0.323321 0.160683 0.368721 -0.445115 -0.509221 0.104296 0.224084 -0.303695 -0.250234 -0.080308 -0.151833 0.328011 0.225864 0.274121 0.114724 0.023677 -0.045612 -0.365282 0.507081 -0.437093 0.340281 0.146106 0.170580 -0.366040 0.001533 -3.353983 0.427812 -0.244481 -0.299805 -0.374803 -0.160151 0.051228 0.175201 0.285058 -0.374217 -0.044086 0.143838 
-0.047457 0.227916 -0.242500 0.268654 0.210536 -0.127888 -0.159063 -0.027572 0.452907 -0.114533 0.298137 -0.073025 0.079338 -0.118201 0.036305 0.118415 -0.448302 0.191377 -0.219836 0.343275 -0.006418 0.186973 0.013930 0.050009 -0.161884 0.067625 -0.174422 -0.071622 0.060756 0.307005 0.252767 -0.049182 0.124482 -0.941928 0.216350 0.137069 -0.173970 0.468673 0.174525 -0.098768 -0.294771 0.224510 0.158114 -0.194572 0.075354 
-0.015199 -0.194032 -0.085279 0.242390 -0.039048 0.335073 -0.256797 0.589927 -0.514406 -0.140661 0.331438 -0.339900 -0.159576 0.181766 0.158322 0.133591 -0.130222 -0.156849 0.282165 -0.118861 0.038448 0.254557 0.135022 -0.098532 -0.092366 -0.470563 -0.071473 0.333272 0.344264 0.449811 -0.045143 0.156985 -0.283276 0.971372 -0.120508 -0.089557 -0.317925 0.599276 -0.090462 -0.221727 0.259888 -0.414948 -0.048221 0.224448 -0.287235 
-0.193445 0.369493 0.274533 0.111092 -0.341446 -0.467874 0.535586 0.012408 -0.882314 -0.105639 -0.209527 -0.373307 -0.724412 -0.071218 -0.080596 -0.049585 -0.352501 -0.517700 -0.173749 0.241810 0.059085 0.153211 0.368582 0.162013 0.153487 0.150841 -0.100561 0.162302 -0.172242 0.126228 -0.389343 -0.276608 -0.008744 -0.900222 0.433163 0.351406 0.126876 1.075903 0.287877 -0.007666 -0.070688 -0.406947 0.120972 0.101106 -0.077901 
0.099594 0.120782 -0.227988 0.015195 0.097796 -0.255367 0.179156 -0.051428 -0.137654 -0.125799 -0.074072 0.251858 -0.089784 0.151411 -0.132147 -0.139775 0.011061 0.255375 -0.172289 -0.186910 -0.160522 -0.054405 -0.158220 0.108935 -0.231259 -0.253659 -0.142594 -0.166665 -0.232713 0.066324 -0.047971 -0.216343 0.107557 -0.149560 -0.006445 0.075769 -0.010031 0.211723 -0.253162 -0.148100 0.078630 0.008952 -0.019198 -0.233395 0.024247 
0.049963 -0.279559 -0.341692 -0.040398 0.148374 -0.113735 0.802888 -0.030974 0.212776 -0.026351 -0.113957 0.315609 0.834394 0.032237 0.091304 0.164900 0.219625 -0.091518 -0.213135 0.137405 0.022833 -0.070250 -0.271883 0.172362 0.252143 -0.033535 -0.015607 -0.301697 0.139371 0.105487 0.266815 -0.033166 0.046952 0.626281 -0.052787 0.382781 -0.025515 0.590922 0.039647 0.439377 -0.114335 -0.426734 -0.223440 0.032269 -0.107366 
-0.044577 0.025361 -0.495239 -0.053828 -0.298028 -0.122536 0.539684 -0.026867 -0.306584 0.089535 -0.056212 -0.169935 0.065913 -0.051528 -0.109046 0.198905 -0.111037 0.008766 -0.285182 0.082956 0.205977 0.259282 0.385386 0.090282 -0.150891 -0.216953 -0.278126 -0.163403 -0.175862 0.229110 0.053213 -0.240595 0.356346 -2.830763 0.052917 0.196817 -0.400236 0.226249 0.195619 -0.276926 0.008928 -0.381504 -0.221766 -0.082478 -0.557060 
0.373216 -0.025398 -0.250347 -0.205377 -0.004308 0.056421 0.047892 0.199156 -0.377243 0.298761 0.164949 0.474085 0.011236 -0.063065 -0.008638 0.306399 0.210496 0.226135 0.232830 0.158336 -0.010913 0.175179 -0.189961 0.090198 -0.248976 0.221789 0.197324 0.177568 -0.237350 -0.134752 -0.346046 -0.113440 0.191854 -0.389431 0.140669 -0.015584 -0.021507 0.133547 0.487084 -0.149935 -0.052975 0.124735 0.080622 0.235425 0.035630 
-0.157676 0.147506 0.235758 0.087337 -0.007432 0.139175 -0.136286 0.213251 0.184690 -0.233119 -0.527246 -0.304541 -0.027854 -0.057167 -0.019204 0.116127 0.076220 0.172332 -0.061884 0.144703 0.086866 -0.170120 0.566624 0.001134 0.161175 -0.194716 0.276754 -0.339658 -0.120206 0.448770 0.087244 0.053006 -0.043878 -1.193391 -0.296997 -0.307631 -0.191500 0.297377 0.030974 0.151113 0.234346 -0.167712 0.134030 0.142527 0.225204 
0.090317 0.152326 -0.058963 -0.028019 0.102341 -0.448287 -0.167576 0.058031 0.570435 -0.135655 0.255636 -0.105808 -0.111889 -0.494913 -0.168367 0.305620 -0.020668 -0.450321 -0.292461 0.337338 0.118333 0.146072 0.224899 -0.422254 0.190097 -0.049024 -0.386468 0.275876 0.399287 0.156785 -0.309838 0.101723 0.227028 -0.492967 0.142300 0.239961 0.079078 -0.045229 -0.234835 0.235479 -0.065397 0.282171 -0.363552 0.577833 0.098127 
-0.323362 0.122307 -0.244412 0.129414 0.135072 -1.506176 1.365767 -0.030130 -0.224637 0.053419 0.308776 0.634288 0.088668 2.410056 0.110697 -0.191329 0.153204 0.428273 -0.211419 0.044175 -0.268676 0.209551 -0.652498 -0.202108 -0.079226 -0.522553 -0.217798 0.085821 -0.244167 -0.051962 -0.333786 0.011163 0.265637 -0.311599 0.080440 0.553740 0.088380 -0.273117 0.331607 -0.579995 -0.315724 -0.997488 -0.291251 -0.299200 -1.442100 
0.006757 0.186859 0.114764 0.173424 0.205726 -0.231312 0.661681 -0.519739 0.154800 0.259162 -0.168458 0.284558 -0.360436 0.009961 -0.337547 -0.240769 -0.135154 0.043114 0.022793 0.150880 0.381283 -0.035160 -0.295466 0.172550 -0.063990 0.037664 0.202228 0.197003 -0.204828 0.114149 -0.275714 0.368334 0.233041 -0.671388 0.129339 0.112437 -0.184242 -0.236140 0.082860 0.091537 -0.017501 0.058103 -0.367799 0.037924 0.349492 
-0.132981 0.491277 0.314108 -0.392732 -0.032496 0.429247 -0.328495 0.257535 0.109900 -0.196215 0.063737 -0.375933 0.041558 0.146603 -0.047873 0.222399 0.137880 0.403509 0.058686 0.201550 0.169178 -0.130092 0.144313 -0.011936 0.154737 0.096702 0.056634 -0.361202 0.062684 -0.014839 -0.828664 -0.136970 0.166621 0.621821 -0.159799 0.335288 -0.302308 1.183948 0.038290 -0.204924 0.346220 0.003539 0.228453 0.593488 0.405261 
-0.248635 0.093646 0.269681 -0.014661 -0.099878 0.273727 0.217509 -0.205275 -0.896188 0.010774 -0.244645 0.540824 0.242130 -0.069912 0.039532 -0.330520 0.039498 0.852330 -0.287961 -0.079472 0.231388 -0.186287 -0.543147 0.442700 -0.291355 0.151763 -0.165578 0.073667 -0.091953 0.083433 0.137462 0.241663 -0.192158 0.237969 -0.381777 0.197577 0.062406 0.140012 0.362493 0.573974 -0.034601 0.067513 -0.073995 -0.536003 0.390671 
-0.097434 -0.280214 -0.120908 -0.132453 -0.039927 0.016254 0.167182 0.152243 -0.439226 0.310730 0.111713 1.223253 0.438046 -0.160264 0.017893 0.068052 -0.019011 0.667249 -0.133218 0.205246 -0.129153 -0.054483 0.496818 0.132373 -0.434268 0.158378 0.137285 0.204078 -0.287917 -0.101243 -0.349398 -0.035366 0.054049 -0.085261 -0.330318 -0.082945 -0.169863 -0.459423 0.754755 -0.031302 0.021108 0.235588 -0.201026 0.647418 -0.072821 
-0.058250 0.064406 -0.028846 0.155670 0.182757 0.022783 -0.242347 0.107656 -0.117485 -0.050325 -0.019141 -0.098194 0.004473 0.034988 -0.259998 -0.255731 0.158763 0.092924 -0.119944 -0.209049 -0.166030 -0.000570 -0.264430 -0.074252 0.133055 -0.092806 -0.107259 -0.172981 -0.255943 -0.199544 -0.270209 -0.110693 0.194001 -0.180521 0.064402 0.004416 0.007989 0.083813 0.077849 -0.063498 -0.188040 0.013821 0.056678 0.059272 -0.081952 
-1.244815 -0.343569 0.150523 -0.028385 -0.024579 -0.017246 -1.736484 -0.048600 -0.476852 0.074266 0.095974 -0.408662 -0.126540 1.163053 0.225695 -0.200614 -0.094646 -0.443833 -0.706620 0.172932 0.096364 0.071492 0.534247 0.099328 -0.180477 0.148134 -0.015477 0.227364 -0.481645 -0.159860 -0.381739 -0.050799 -0.184730 -0.064398 -0.603525 -0.159846 -0.088896 -1.197542 -1.165353 -0.098914 0.064920 1.861188 -0.240340 -1.608796 0.089756 
0.162554 -0.268177 -0.333152 -0.029052 -0.260516 0.305453 0.237585 -0.266773 0.186563 0.300493 0.234868 -0.307542 -0.416632 -0.505539 -0.212930 0.184627 -0.237224 -0.036493 0.128790 -0.053479 0.427634 0.106234 -0.138085 0.108396 -0.049771 0.244623 -0.101456 -0.132186 0.359598 0.019164 0.254856 -0.083027 0.328721 -0.509004 -0.129046 -0.275646 -0.074089 -0.070519 0.150850 0.087708 0.155820 0.130296 -0.237134 0.646097 0.397854 
-0.353812 0.076640 0.177352 0.101540 0.190989 0.074206 -0.469705 -0.342226 0.734061 0.084637 0.349383 0.164068 -1.022963 0.142051 0.063247 0.082800 0.516488 0.019086 0.211519 0.251902 -0.012464 0.012245 -0.244874 0.034005 0.306547 0.213037 0.417935 0.145475 0.114155 -0.072569 -0.336780 0.031418 0.086796 0.258075 0.151261 0.101832 -0.039027 -0.092678 -0.076622 0.146837 -0.220559 -0.397904 -0.283148 0.015846 -0.211939 
-0.070225 0.001247 0.206085 0.471330 0.320195 0.127304 0.034952 -0.009653 -0.371870 -0.248813 0.062779 0.103718 -0.281035 -0.118860 -0.241387 0.272224 0.193843 -0.174592 0.238704 0.001075 -0.147457 0.237077 0.002566 0.008849 0.019511 0.294693 0.166018 0.093467 -0.173217 -0.234397 0.126757 0.035168 0.079351 0.342334 0.014295 0.117571 0.120517 0.081019 -0.157383 0.032544 0.103276 -0.315750 0.223265 0.692121 -0.086305 
0.222481 -0.151352 -0.140908 -0.210941 -0.332351 0.083759 0.109466 0.295611 -0.230790 0.043037 0.250742 0.242726 0.188143 -0.046563 0.013727 -0.129531 0.265888 0.010938 0.278289 0.009290 0.224088 0.235503 -0.068514 -0.127970 -0.166018 -0.286187 -0.115563 0.090630 0.396959 0.220606 0.215228 0.060374 0.386994 -0.035639 -0.066236 0.197287 0.171842 0.041097 -0.018702 0.407277 -0.125352 -0.038330 0.246710 -0.076172 -0.074868 
0.367358 -0.422639 -0.263338 -0.434434 -0.032093 -0.124666 -0.057413 0.079236 0.667787 -0.075341 0.326289 0.455107 0.860396 0.134762 0.316192 -0.032036 -0.171892 0.460394 -0.071077 -2.137896 -0.211504 -0.619383 -0.412758 0.477476 0.017803 0.035223 -0.048964 0.305071 -0.488725 -0.158326 -0.324638 -0.294381 -0.606622 0.057722 0.292261 0.185268 -0.142008 -1.450497 0.189207 -0.164733 -0.075724 0.154515 1.037647 0.251796 0.156269 
!! layer3
-0.266651 -0.501128 -0.032343 0.399717 -0.448756 -0.206061 0.247384 0.409939 -0.252577 0.010163 0.160116 0.021748 0.075585 0.220962 -0.127574 0.251007 -0.608054 0.043504 -0.284692 -0.157439 0.178973 0.119366 0.007953 0.293116 -0.018722 -0.448978 0.148858 0.362591 0.448185 -0.191991 0.041667 -0.290868 0.469784 -0.137082 -0.547221 -0.109422 -0.014945 0.100810 -0.008181 1.134918 
0.044567 0.269665 0.986089 0.179150 -0.186069 -0.768524 -0.487817 -0.406122 0.648821 0.634759 -0.136955 0.585745 0.075966 0.066069 0.082203 -0.196733 -0.125558 -0.228953 -0.268966 -0.024780 0.260498 0.098483 0.062013 0.318818 0.280166 -0.168788 0.435773 -0.100466 0.551490 -0.142411 -0.090031 0.189613 -0.261027 0.083160 0.416414 0.096709 0.174633 0.204858 -0.015212 1.112694 
-0.068700 0.233118 -0.063225 0.047851 0.084265 0.442311 -0.119243 0.048348 -0.045713 0.162439 -0.093402 -0.318870 0.192672 -0.119537 0.023314 0.248487 -0.758769 -0.341424 -0.868152 -0.266975 0.153131 0.074560 0.235950 0.222934 0.009481 0.221845 -0.002094 0.092518 0.765441 0.036655 0.204958 0.143365 0.142853 -0.090345 0.434157 0.113581 -0.127703 -0.048687 -0.086258 -0.035664 
0.107603 0.215688 -0.141030 0.082269 0.034535 -0.163738 -0.105317 -0.330429 -0.405473 -0.041843 0.315220 0.206178 -0.128674 0.239286 -0.231791 -0.348044 -0.163816 -0.228416 0.687481 0.176151 -0.139435 0.051626 -0.185182 0.144646 -0.092406 0.015699 0.241484 0.265750 0.113099 0.156109 0.065706 -0.050849 0.095254 -0.130079 0.751967 0.028170 0.091157 0.001818 0.210974 1.297371 
0.103078 -0.207737 0.240179 -0.225250 -0.207923 -0.133026 -0.092057 -0.218670 -0.004142 -0.182940 0.058965 0.087393 -0.189691 -0.023127 0.172492 -0.203485 0.076805 0.228285 0.044221 -0.043525 0.054578 -0.142862 -0.134130 -0.208072 0.239960 0.016108 -0.237657 -0.057073 0.215540 -0.254390 0.241198 -0.160768 -0.007706 -0.229421 0.179327 0.000874 -0.193762 -0.133799 -0.232050 -0.126640 
-0.245596 0.237275 0.454174 0.161716 0.014970 0.175229 -0.039288 0.112567 0.185189 0.045041 0.021106 0.351969 -0.206465 -0.030064 0.033520 0.338577 -0.132904 -0.041835 -0.049960 0.220428 0.054430 0.094447 0.220108 0.210173 -0.597515 0.074241 -0.391047 -0.064505 0.131079 0.234421 -0.084782 0.126205 -0.428051 0.131394 0.721830 0.307441 0.101135 0.074559 -0.412566 -0.227940 
0.170740 0.081561 0.083262 -0.384821 -0.080921 0.036296 -0.150858 -0.532471 -0.238060 -0.248933 0.223226 0.168716 -0.254520 0.079106 -0.118619 0.136386 0.050325 -0.110462 0.252354 0.193386 -0.140245 0.275473 -0.138121 0.121430 0.253543 -0.034501 -0.001190 -0.053851 0.134079 0.045858 0.116706 0.086131 -0.059483 -0.175498 0.112644 0.091573 0.263259 -0.208399 0.205920 0.012494 
-0.193321 0.143334 0.649484 0.052522 0.638205 0.012189 0.215968 -0.048568 0.053264 -0.135936 -0.104722 0.252319 -0.258340 -0.048774 0.045912 -0.253261 -0.538868 -0.202087 0.055149 0.271768 -0.130592 0.397382 -0.243380 0.122413 -0.314809 0.129640 -0.126740 0.060078 1.192064 0.158629 0.196658 -0.016069 0.031148 -0.087162 -0.081899 -0.336098 -0.260039 0.028665 0.121082 -0.395256 
-0.287897 -0.001671 0.286673 -0.199401 -0.229797 -0.102547 0.121267 -0.011279 0.380134 -0.222939 0.465174 -0.036353 0.083763 -0.372898 0.339584 0.263081 -0.202941 0.191816 -0.157268 0.227058 -0.251898 -0.037297 -0.103060 0.102941 0.402253 0.376110 0.034114 0.333139 -0.067730 0.271172 0.167986 -0.125246 -0.132044 0.130257 -0.210198 -0.349570 -0.032802 0.197924 0.068953 0.442525 
-0.288698 0.320665 0.023398 0.034173 -0.558878 0.468238 0.360579 0.286568 0.549043 0.116648 0.315183 -0.267024 0.040007 -0.582052 -0.347175 -0.118066 0.304521 0.364536 0.545079 -0.087791 0.082865 -0.280838 0.008000 -0.070644 0.649325 0.246273 -0.417579 -0.198395 -0.855839 -0.124935 -0.001300 -0.779165 -0.209732 -0.084331 -1.029029 -0.150749 -0.321102 0.118654 -0.068797 -0.700804 
-0.085705 -0.224180 0.672168 0.132308 0.173758 0.377344 0.222106 -0.618812 -0.234256 0.042661 0.424145 0.041463 0.005341 0.077401 0.021064 -0.010245 0.251507 -0.494584 0.445604 0.098005 0.030077 -0.434577 0.220628 0.136031 -0.145565 -0.514835 -0.129346 0.262160 -0.004023 -0.352132 -0.231247 -0.113120 0.054655 0.282453 -0.497916 0.003432 -0.391479 -0.184983 -0.117144 0.191984 
0.120496 0.188743 0.051409 0.105826 0.241737 0.399424 -0.037713 -0.012730 -0.202894 -0.184688 0.106298 -0.475275 0.091399 0.068665 0.561467 -0.218047 0.191791 -0.362186 0.333776 0.379999 0.337970 0.003045 0.253294 -0.024060 0.347854 0.165428 -0.118667 0.294200 0.333642 0.083115 -0.030035 0.073951 0.125618 0.164214 0.955688 0.046575 -0.145115 -0.234443 0.128948 0.139865 
0.043631 -0.127823 0.270873 -0.077639 -0.105117 0.055909 0.208654 0.114651 0.270917 -0.112050 -0.207828 0.240047 0.112191 -0.244200 -0.211329 0.087410 0.270563 -0.227598 0.141208 -0.000557 0.100031 -0.151490 -0.051804 0.094694 0.187396 0.152265 -0.268267 -0.024575 0.265509 -0.241517 -0.184039 0.057990 -0.163594 -0.202791 -0.282479 -0.166161 -0.087789 -0.212210 0.027644 0.257161 
0.223232 0.140452 0.412183 -0.022369 -0.275713 -0.104362 0.106345 0.060026 0.025422 0.103936 -0.377112 0.282195 0.218118 0.244175 0.218364 0.045571 -0.323113 -0.212383 -0.045662 0.287960 0.019571 0.133323 -0.016007 -0.215307 -0.194617 0.173676 0.054840 0.041889 0.360321 0.203574 -0.267485 0.039574 0.064300 -0.133075 1.243698 0.031753 0.108169 0.119240 -0.015713 -0.081044 
-0.136065 0.370885 -0.073722 0.259128 -0.018867 -0.409015 -0.086648 0.106870 0.074522 0.086981 0.369542 -0.277048 -0.062685 0.167203 0.225507 -0.075708 -0.128190 -0.016490 0.227155 -0.394238 -0.021158 -0.169772 -0.137434 -0.335609 0.423168 -0.451453 0.356019 0.061487 0.315612 0.166524 -0.179699 0.298796 0.019550 0.156472 -0.287151 0.013501 -0.411778 0.043705 -0.293552 0.075674 
0.022338 0.077296 -0.093939 0.221984 -0.028577 -0.094361 0.193290 0.097444 0.326534 -0.588799 -0.046938 -0.249527 -0.144219 -0.153882 0.038945 0.236022 -0.164805 0.230069 0.118851 -0.380294 -0.373429 0.208268 -0.000117 0.130271 0.162045 -0.162603 0.191721 0.175396 0.034457 -0.179622 0.174459 0.288320 0.201062 0.102662 -0.819224 -0.149876 -0.301648 -0.187564 -0.059830 0.336766 
0.004448 -0.076869 -0.418245 0.171491 -0.259873 0.122592 0.231268 -0.074068 -0.031066 -0.410961 -0.166979 -0.257821 0.150679 -0.166082 0.212572 0.060726 0.105730 0.354445 0.114548 -0.170321 0.300907 -0.297834 0.105558 0.053465 -0.168877 0.065548 0.167704 -0.236184 0.226967 -0.008915 0.154101 0.275079 0.096973 -0.009907 -0.096297 -0.005065 0.359344 0.284885 -0.012394 0.061058 
0.185231 -0.307107 0.180716 0.237409 -0.140830 -0.188164 -0.011287 0.010430 0.368972 -0.140310 0.364555 -0.846994 -0.001396 0.162023 -0.085078 0.220647 -0.072248 -0.144964 -0.160675 -0.069944 0.154360 0.112510 -0.023122 -0.016440 0.370973 0.055332 0.247753 -0.325045 0.635184 -0.106449 -0.003447 0.321028 0.002164 -0.228487 0.308256 0.161835 0.010454 0.001124 -0.059205 -0.500620 
-0.051221 0.064228 0.355462 0.316077 0.198504 0.161793 -0.451747 -0.259405 0.538423 0.522974 -0.260786 0.332455 -0.089857 0.362005 0.285708 0.001015 -1.220584 -0.210779 -1.441048 0.061738 0.141145 -0.045099 0.032493 0.172593 -0.851129 -0.254970 0.045711 -0.022376 0.172487 0.238990 -0.479971 0.088005 -0.196162 -0.136842 0.277787 -1.095337 0.205155 -0.188586 -0.633916 -0.420253 
-0.147446 -0.187827 -0.256886 -0.156669 -0.102902 -0.134482 0.145538 -0.129675 -0.375867 0.137090 -0.013368 -0.141760 -0.067664 -0.265596 0.285165 0.270870 -0.471717 0.146935 -0.174274 0.300748 0.178832 -0.133420 0.060570 0.141220 0.218179 0.098880 0.034913 0.329880 -0.197127 -0.062686 0.154211 0.071457 0.262958 -0.225042 -0.356752 -0.311179 0.100389 -0.191266 0.210549 -0.364539 
0.412483 -0.433065 -0.801344 0.011308 0.128375 0.091169 -0.070151 0.485251 -0.535524 -0.344347 -0.048422 0.399750 0.077131 0.165253 0.198894 0.370528 -0.060530 -0.694419 -0.043988 0.315179 0.188171 0.501747 0.064913 0.184956 0.012269 -0.413229 0.135174 0.244167 -0.370136 -0.301846 -0.304294 -0.535073 0.793278 -0.166723 -1.292236 -0.260361 -0.219717 0.034020 -0.282969 -1.271730 
-0.244244 0.229602 -0.546727 -0.287012 0.171767 0.072007 0.745238 0.180063 -0.598058 0.066417 0.120874 0.122406 -0.228609 -1.120818 -0.102456 -0.246832 0.155879 0.173318 0.529102 -0.107342 -0.688846 -0.277560 0.088408 -0.149151 0.006806 -0.001509 0.028214 -0.185770 -2.621033 -0.035951 0.187744 -0.066592 0.233483 -0.137770 -0.625592 0.127844 -0.261791 -0.581230 0.144863 0.861532 
-0.292370 0.174054 0.025623 0.195970 0.164370 0.239878 0.294707 -0.123530 0.242042 0.147609 0.053741 -0.028305 0.096694 -0.067718 0.357735 0.017037 0.332514 0.528059 0.336609 -0.290334 0.379318 0.016548 -0.084589 -0.178940 -0.493903 -0.133948 0.265244 -0.175779 -0.392838 0.086240 -0.063210 0.572746 -0.312444 -0.028111 -0.357284 0.254596 0.120565 -0.091735 -0.216195 -0.941686 
-0.359338 -0.107915 1.799641 0.109571 -0.139664 -1.190029 -0.089075 -0.212444 0.314626 1.492783 -0.297329 0.138570 0.107940 0.163852 0.082889 -0.100517 -0.019238 -0.510249 -0.275627 0.025997 -0.250116 0.141084 -0.239639 0.225732 -0.034745 -0.539988 0.046128 -0.081670 0.720381 0.149120 -0.654778 0.199124 -0.872053 -0.281855 1.368886 -0.404866 0.167126 -0.067721 0.087719 0.208839 
-0.095584 -0.422499 0.062242 0.269985 -0.226454 0.194413 0.112727 0.638327 -0.314458 -0.892513 -0.584683 -0.180202 -0.018810 0.326367 0.070480 -0.195888 -1.777823 0.239749 -0.741711 -0.013961 0.054882 0.400770 0.024949 -0.032965 -0.133591 -0.251624 -0.077484 -0.041949 -0.019590 0.025839 -0.359132 -0.006356 0.446291 -0.211980 -0.350197 0.286237 0.268845 0.131488 -0.370848 -0.116333 
-0.174548 -0.138883 1.570607 -0.022500 0.252918 -0.635502 0.241668 0.667791 -0.599249 1.116237 -0.272399 0.214932 -0.142617 0.043127 0.184187 -0.088478 0.013182 -0.114833 -0.214849 0.012732 0.061455 -0.196130 -0.018418 0.175461 0.228651 -0.137996 -0.183867 0.143186 0.666095 0.165366 -0.535438 0.348873 -0.821415 -0.029950 1.238291 -0.237651 -0.154115 0.162157 0.276402 0.436263 
-0.096217 -0.111784 0.047795 -0.163191 -0.036008 -0.224778 -0.231087 -0.241709 -0.213495 0.026793 -0.288864 -0.239802 0.244773 0.231776 -0.342700 0.168859 0.134829 0.258898 0.105695 -0.244910 0.001961 -0.215776 -0.196001 -0.044945 0.130495 -0.108279 -0.135380 0.197618 0.041000 -0.239517 -0.097090 -0.251526 -0.074032 -0.173319 -0.210588 0.169530 0.031734 -0.254105 0.104254 -0.047733 
0.136807 0.258905 -0.588138 -0.182945 0.430350 0.412199 -0.016461 0.896559 -0.543050 -0.733399 0.130911 0.052321 -0.227062 0.113519 -0.175311 0.198353 -0.263620 0.144757 -0.556968 -0.011765 0.391893 -0.298831 0.075960 -0.117652 0.156754 -0.591947 -0.055505 0.198048 -0.118451 0.065567 -0.368870 -0.246051 0.402774 -0.071958 -0.023603 0.025021 0.248616 0.063921 -0.044414 1.102504 
-0.077720 -0.277403 -0.142158 0.236771 -0.007560 0.091434 -0.240117 0.189502 0.191328 -0.028934 -0.198825 0.179443 -0.198393 -0.110333 0.000863 0.025873 -0.143391 -0.013282 -0.144500 0.176014 0.246223 -0.030664 -0.246314 -0.069682 0.186346 0.020779 -0.017466 -0.018014 0.171578 -0.037306 -0.249893 -0.264551 -0.169413 0.260120 -0.210670 0.101331 0.013830 -0.283234 -0.079544 -0.178057 
0.175461 -0.269151 -0.336420 0.173297 0.222603 -1.598876 0.133822 0.040434 -1.014297 0.043860 -0.041150 -0.138707 -0.218376 -0.487209 -0.155455 0.714273 0.251474 -0.836658 1.095156 0.221411 -0.367507 0.130363 0.048909 -0.455024 0.025102 -0.150110 0.294843 0.034970 -0.305941 0.504339 0.013728 0.102019 -0.313784 -0.163532 -0.133592 0.114271 -0.169144 -0.194546 -0.384326 -0.280927 
-0.220364 0.074479 -0.106229 0.122586 0.025085 0.177534 -0.024222 -0.168882 0.251312 -0.050571 -0.226309 0.045831 0.122921 -0.064932 0.073839 -0.027201 -0.031631 0.011720 -0.188240 0.078216 -0.142479 0.028592 0.188063 -0.072551 0.065258 -0.266547 -0.036206 0.133064 0.197959 -0.262715 -0.002019 0.048664 -0.197235 -0.228692 -0.030843 -0.111855 -0.054094 -0.273889 -0.071340 -0.038174 
0.107389 0.036204 0.053878 -0.498248 0.362218 0.042404 0.331256 0.058243 -0.288444 -0.076349 -0.096822 -0.219229 -0.277277 0.381314 0.040012 -0.101380 0.115335 0.152487 0.956568 -0.052729 -0.346258 -0.153873 -0.101683 0.087090 0.168392 0.009515 0.094619 -0.060835 -1.529854 0.169646 0.373423 -0.021583 0.021598 0.216715 -0.476539 -0.388777 0.081938 -0.247637 0.301843 0.066293 
-0.399441 -0.220393 -0.959309 0.358502 -0.038228 0.336578 -0.005024 -0.041999 -0.196722 0.123191 0.023264 -0.263391 -0.264021 0.320493 0.497204 0.181720 -0.085318 -0.319581 -0.372242 0.172570 -0.029990 -0.214798 -0.000923 -0.326154 0.561049 -0.021989 0.254983 0.178487 0.031467 -0.041358 -0.119377 -0.285420 0.346034 -0.170831 0.205433 -0.520959 0.185443 0.088109 0.217127 0.259669 
-0.069155 0.103512 -0.074408 0.226636 0.183022 -0.462702 0.170844 0.647568 0.520268 0.226095 0.222774 -0.447356 -0.267863 0.197928 -0.263224 0.022720 0.440963 -0.340774 0.406902 -0.569511 -0.494780 0.012467 0.061224 0.202473 -0.207461 -0.130627 -0.484343 -0.289493 0.561838 -0.203377 -0.031339 -0.309904 -0.061712 -0.230670 0.274058 -0.078541 0.110945 0.474224 0.009470 0.539457 
-0.151259 -0.008562 0.552470 -0.032901 0.375448 0.019951 0.279803 -0.226052 -0.302897 0.122030 0.360149 0.911991 0.114173 0.642741 -0.812721 0.077979 0.098634 -0.124180 0.303795 0.214946 -0.039988 -0.329515 -0.184199 0.006253 0.024067 -0.163049 0.080402 -0.404228 -0.382985 -0.243442 0.211886 0.129468 0.214887 0.258790 0.332106 -0.172051 -0.057371 -0.322793 0.198731 -0.609472 
!! layer4
-0.140030 -0.236929 0.065334 -0.230455 -0.055853 0.419188 0.281933 0.057592 0.119562 -0.480934 -0.144920 0.133691 0.148747 -0.043514 -0.582901 0.076911 0.204327 -0.165392 -0.661572 -0.086296 0.266316 -0.205044 0.393122 -0.043174 0.779908 -0.249220 0.264766 0.063763 0.247357 0.853151 0.262757 0.131892 -0.088988 -0.230598 0.112036 
0.119411 0.180382 -0.249780 -0.293237 0.273036 0.286999 -0.259400 0.237424 -0.086255 -0.018239 0.407368 0.218343 0.205110 0.045645 0.725681 -0.019601 -0.126549 0.143718 -0.418617 0.110712 0.182548 -0.238668 0.095567 2.964895 -0.051380 1.005612 0.188348 -0.094229 -0.189295 -0.296509 -0.252126 0.204983 0.251940 0.000616 0.088052 
0.090481 0.294282 -0.023344 -0.096391 0.196469 0.425550 -0.093086 -0.206896 0.117300 -0.388061 -0.644384 -0.304883 -0.184622 0.247658 -0.874403 -0.044017 0.015501 0.157574 0.267305 0.198556 -0.384947 0.380393 0.015867 0.250698 -0.481902 0.648685 -0.063314 -0.479700 0.020636 -0.119789 -0.170070 0.003633 -0.008116 -1.250812 -0.419223 
-0.128504 -0.229598 0.003924 0.121927 0.195579 -0.458114 0.189688 0.032749 -0.155982 -1.338642 0.278141 -0.316103 -0.247126 0.189825 0.257951 0.023442 0.351162 0.050699 -0.647906 -0.079590 0.234066 -0.394408 -0.221832 -0.506926 0.944036 -0.813509 0.214695 0.428196 -0.180833 -0.126490 -0.061629 0.285079 0.131439 -0.904491 -0.204597 
0.170646 -0.184472 -0.145583 0.225998 0.294376 0.370428 0.188250 0.105132 0.068571 0.205046 -0.378178 0.089163 0.047934 0.011318 -0.716769 0.262893 0.032535 0.095525 0.321123 -0.288572 -0.257078 -0.500799 0.326527 -0.338037 -0.529408 -0.034664 0.002511 -0.401191 0.183371 0.543084 0.163267 0.184056 0.012824 -0.485438 0.123803 
0.360258 -0.395012 -0.268066 -0.109381 -0.045527 -0.218248 -0.014451 0.233799 0.213062 -0.390347 -0.048462 -0.407918 0.145875 0.078313 -0.224236 -0.631318 0.283552 -0.213941 -0.443421 0.330701 0.545712 0.220209 0.082146 -0.560802 0.113426 -0.601423 0.021618 0.359261 -0.056861 -0.264565 -0.299298 0.111772 0.211645 -0.727135 -0.031701 
0.026297 0.065356 0.057562 0.248023 0.103702 0.199427 0.033266 -0.002653 0.146445 0.096517 -0.113906 0.177023 -0.114144 0.171113 0.065160 -0.268673 0.083605 -0.270154 -0.335062 0.321879 -0.252555 0.286960 -0.143643 -0.484837 -0.002154 -0.030943 -0.080566 0.099000 0.027760 1.057315 0.142876 -0.124672 -0.081615 -0.284369 0.196929 
-0.087221 0.199775 0.061209 0.183540 0.118340 0.239032 0.319850 0.326991 0.097972 -0.010053 0.234195 0.175976 0.015349 0.070026 0.102109 0.212598 -0.253447 -0.232508 -0.747104 0.258774 -0.046922 0.553688 -0.004931 0.225421 -0.011840 0.348343 -0.021478 -0.343079 -0.010986 0.428196 0.002963 -0.386982 0.332408 -0.519066 0.381796 
0.045807 -0.053507 0.071388 -0.117525 -0.059026 -0.207096 -0.330047 -0.229313 -0.244861 0.014703 -0.048244 0.048114 -0.200469 -0.281790 -0.047207 -0.174984 0.045958 -0.204685 0.174566 0.186883 -0.150022 -0.285504 -0.042493 -0.054757 -0.033327 0.191339 -0.184250 0.038007 0.182521 -0.054911 0.050484 0.167794 -0.275914 -0.035228 -0.086832 
0.281413 0.032160 -0.378991 0.264968 -0.153835 -0.232884 0.201935 -0.078364 0.422480 0.003209 0.608505 -0.124762 0.241083 0.261366 0.291839 0.105167 -0.100810 0.390290 -0.047125 -0.160728 0.200275 0.408470 -0.147558 0.433377 -0.140755 0.106863 0.062635 -0.207230 -0.131371 -0.584714 -0.212447 0.021466 0.427214 0.027855 -0.053541 
-0.196761 -0.145273 -0.373451 -0.346058 0.032301 0.131610 -0.020392 0.160364 -0.278144 0.080925 0.140873 0.184667 -0.230173 0.161745 -0.232168 0.131117 0.053328 -0.180823 -0.205036 -0.208394 -0.456818 -0.133678 -0.429655 -0.179876 0.072942 0.422642 0.240842 0.278800 0.164716 -0.146658 0.101357 0.029546 -0.127629 -0.182208 0.132096 
0.088783 -0.219913 0.044555 0.299243 0.250180 0.002483 0.157150 0.040342 -0.001128 -0.083954 -0.180890 0.091951 0.215488 0.070135 0.657003 -0.293051 -0.132431 0.156058 -0.033906 0.349907 0.265015 0.047464 -0.219601 -0.859116 0.061680 -0.266080 -0.264505 -0.250960 0.245387 -0.324578 -0.247628 0.357865 -0.410218 0.011795 0.086828 
0.520382 0.264464 -0.396479 0.080866 0.158289 -0.561198 0.321607 -0.375779 0.007920 -0.026671 -0.126544 0.220579 0.265886 0.372604 0.145925 0.189154 -0.270221 -0.327950 -0.687679 0.029335 0.248129 0.306245 -0.256541 -0.363385 -0.121507 -0.034923 -0.206194 0.152089 0.190086 -0.103911 0.251509 -0.224395 -0.274310 0.405761 -0.193160 
-0.103607 0.622226 0.154442 0.237802 0.071573 0.460056 0.029931 0.185375 -0.140382 0.027862 -0.001173 0.081729 0.242575 -0.090521 -0.542520 -0.096054 -0.228479 0.147914 -0.005986 0.241683 -0.827707 0.537347 0.154088 -0.104489 -0.198980 0.479992 -0.046127 -0.276750 -0.033085 0.127937 0.173831 -0.110433 -0.208413 -0.820603 -0.772885 
0.470284 0.041894 -0.038285 0.197560 0.292459 -0.005021 0.017764 0.068238 -0.066874 -0.451356 0.146889 -0.344889 0.095815 -0.034200 0.780099 -0.408846 0.467674 0.310107 -0.409264 -0.007262 0.391112 0.327422 -0.222036 -0.275000 0.297678 0.088595 0.272142 0.066962 0.156698 -0.281367 0.081235 0.007263 0.119218 -0.038795 -0.054595 
-0.485604 0.328005 -0.498639 -0.033547 0.181105 0.014054 0.325375 0.316077 -0.209540 0.521412 0.318332 0.205918 0.291667 0.109087 -1.106120 0.994390 -0.077881 0.242466 0.193484 0.088452 -0.003251 0.589362 -0.205234 1.095570 0.054093 0.326560 -0.284868 0.137144 0.208937 0.641724 -0.138925 0.087451 0.113093 -0.949841 -0.343561 
0.216947 0.309844 -0.213864 0.155475 0.166518 0.300724 0.137260 0.350905 -0.112668 0.858318 0.065797 0.368747 -0.005469 0.072144 -0.752033 0.323524 0.079696 0.033643 0.924923 0.039844 0.283085 0.061478 -0.164298 1.318164 -0.453225 0.494247 0.030551 -0.314398 -0.290680 -0.685634 0.257562 -0.284986 0.222122 -0.351131 -0.763033 
0.289895 -0.365731 0.097549 0.275797 0.083605 -0.413934 -0.233381 -0.236877 -0.133393 -0.317647 -0.303179 0.161345 0.093954 -0.566213 0.011435 0.133792 0.274307 0.387068 -0.277150 -0.454170 0.785072 0.065019 0.266056 -0.151253 0.082054 0.000375 0.274797 -0.326288 0.067704 0.032170 -0.156032 -0.365901 -0.803729 0.309845 -0.146411 
0.602015 0.183754 0.249755 0.258795 0.290669 0.207021 -0.124558 0.223219 0.413688 0.312385 0.011891 -0.206438 0.060873 0.395878 0.992079 0.162129 0.135693 0.142615 0.522797 0.125834 0.660353 0.602891 -0.459241 0.349133 0.307344 -0.122290 -0.123906 0.002000 -0.254329 -2.566120 -0.079986 -0.132499 0.338401 0.012266 -0.341413 
0.068569 0.030772 -0.137597 -0.038518 0.004429 0.131752 -0.258293 0.370454 -0.266551 0.008738 -0.456557 -0.000263 0.010965 0.288743 -0.003458 -0.222201 0.207301 0.239605 0.221405 0.154472 -0.101118 0.203635 -0.012358 -1.345412 0.251194 -0.292441 -0.030731 0.123986 -0.264663 -0.087911 -0.078695 0.053285 0.156411 0.067354 -0.117756 
0.267722 0.288747 0.150994 0.274144 0.218902 0.231684 -0.266956 0.227014 0.347507 -0.054187 -0.013256 -0.251200 0.073544 -0.110405 -0.162261 -0.011707 -0.159948 0.160441 0.392223 -0.283710 0.519761 0.218701 -0.219212 -0.759848 0.059696 -0.207544 -0.207600 0.077483 0.162560 -0.018765 -0.101400 0.263254 -0.118466 -0.532234 -0.137063 
0.362111 -0.106858 -0.033130 0.295198 -0.050032 0.417599 0.161986 0.112432 -0.126719 0.908103 0.088783 0.119645 -0.064084 0.094126 -0.797255 0.380290 -0.360871 0.150158 -0.386232 -0.082993 -0.110394 0.364881 0.003901 0.172545 -0.148938 0.141273 0.087357 -0.615770 0.234263 -0.334080 -0.006626 0.039816 0.091137 -0.466033 -0.749956 
0.823504 0.145436 -0.528130 -0.244197 -0.094401 -0.425953 0.208571 -0.137310 -0.102510 -0.258624 -0.353961 0.145910 -0.201470 0.282180 1.460475 -0.207260 -0.218213 0.336853 -0.076249 -0.098597 0.110375 0.310672 -0.687506 -0.051144 -1.319875 0.346082 0.188474 0.063174 0.161353 0.148154 -0.121241 -0.150412 -0.029227 -0.068516 0.036539 
0.071117 0.065897 0.281020 0.250399 -0.088553 -0.035087 -0.414082 0.025952 0.034719 0.627930 0.035577 -0.381760 -0.024653 0.118385 -0.094926 -0.141399 -0.045088 0.041530 0.572179 -0.378586 -0.580199 0.301729 -0.138361 -1.277424 0.139119 0.510171 0.257469 0.397200 -0.273436 -0.073901 0.097469 0.167703 -0.085014 -0.419736 -0.483839 
0.426981 -0.197934 -0.146980 0.316001 0.059501 0.146987 0.178712 0.092106 -0.307147 0.471822 -0.441633 -0.150182 -0.026135 0.262197 0.240074 0.093287 0.037594 -0.134380 0.256741 0.108041 0.257022 0.183080 -0.021643 -0.209145 0.226710 -0.006299 0.097675 0.572148 0.128677 -0.287793 0.290072 -0.414610 0.095176 -0.418367 0.013864 
0.231353 0.066243 -0.001931 0.184466 0.246647 -0.154659 0.200183 0.158593 0.233396 -0.522398 0.010159 -0.190392 -0.251105 -0.057841 -0.065787 -0.125258 -0.236022 0.034673 -0.628473 0.099622 0.008627 -0.397561 -0.053002 1.063495 0.124960 -0.230719 -0.185012 -0.233210 0.131597 0.494691 -0.152988 0.515718 0.101208 0.271984 0.220861 
-0.099069 0.067728 0.064295 0.100201 -0.246535 0.676365 -0.080848 0.163199 -0.176273 0.462908 -0.340768 -0.135959 0.132976 0.120802 -0.417821 0.269105 0.171750 -0.111267 -1.385534 0.191765 0.142746 0.482466 0.069537 3.525926 0.194258 0.383427 -0.137934 -0.373543 -0.220027 -0.931866 -0.035623 0.149644 0.173815 -0.298683 -0.137949 
0.477030 -0.011635 0.193230 0.225614 -0.176339 0.005229 0.111635 0.144644 0.123690 -0.456851 0.055977 0.212884 -0.058298 -0.167771 0.116377 0.375233 -0.119596 0.095006 0.149726 0.336574 0.212164 0.258100 -0.472105 -0.385457 -0.302470 0.191178 -0.078450 -0.211742 0.049877 0.012538 0.137875 0.330216 0.053096 0.081234 0.104639 
0.120884 -0.210721 -0.157368 0.244131 0.291369 0.137099 0.042540 0.154723 0.195220 0.572209 0.090828 0.030418 0.246486 -0.026262 -0.595172 -0.178800 0.066034 0.232638 -0.564070 0.281795 -0.033628 -0.188734 0.280203 0.959418 -0.036486 0.054948 -0.049086 0.149858 0.207632 -0.536562 0.271582 -0.218687 -0.345211 -0.539613 -0.055324 
0.378334 0.329387 -0.207022 -0.146562 0.243710 -0.036452 0.213829 0.184522 0.222003 0.119319 0.458971 -0.078789 -0.252045 -0.068887 0.213254 0.096596 0.057352 0.266101 -0.441751 0.097674 0.354444 -0.035655 -0.338602 0.236466 -0.587275 0.069579 -0.132467 0.471040 -0.203232 -0.987596 -0.263465 -0.347284 0.376788 -0.163803 0.004517 
!! layer5
0.291152 0.172486 -0.228935 -0.031059 -0.054002 0.066315 0.407126 -0.066547 0.328332 0.039411 0.327411 0.031541 0.075527 0.096414 -0.035413 0.537815 0.153422 0.289616 -0.015400 0.197137 0.307467 0.147214 -0.344219 -0.318815 0.336371 -0.270569 -0.322144 -0.067909 -0.186136 0.166339 
-0.162674 0.213963 0.036605 0.216100 -0.030209 -0.013777 -0.395268 -0.516708 -0.288499 -0.682536 0.076601 -0.254887 -0.789751 0.078673 0.006743 -0.198288 0.204086 1.268528 0.151811 -0.162279 0.074394 0.264936 0.028293 0.022331 0.069522 0.188693 0.359285 -0.053454 -0.315303 0.132282 
0.334634 0.117185 0.477934 0.004074 -0.270944 0.406466 -0.798810 0.115976 0.112358 0.108959 -0.353991 -1.425457 0.406571 0.139945 0.366898 -0.069125 -0.199089 -1.336465 -0.469805 0.276475 0.531342 -0.113179 -0.491255 0.113884 -0.081416 -0.433705 -0.125275 0.459330 -0.232634 0.109130 
-0.126297 -0.301566 -0.313561 0.057998 0.002196 -0.066454 -0.194793 -0.212720 0.294404 -0.257944 -0.167697 -0.141260 0.137253 -0.243905 0.197409 0.067587 -0.142471 -0.201755 -0.022117 -0.233723 -0.314220 0.109041 0.141681 -0.261475 0.290568 -0.329565 -0.185698 -0.075375 0.190704 -0.241616 
0.189569 0.084155 -0.136975 -0.396584 -0.019177 -0.026834 0.097433 -0.359046 0.250879 -0.026747 0.021280 -0.176985 -0.205585 -0.190451 0.222451 0.274606 -0.020585 -0.685624 0.004634 0.100459 0.369862 -0.259753 -0.256425 -0.329646 0.357026 -0.019245 0.124228 0.281752 -0.013198 0.089294 
0.009826 0.031362 -0.891091 0.490277 0.242604 -0.083990 -0.098329 0.075444 -0.248865 -0.436006 0.089833 -0.122822 0.477643 -0.206545 -0.077227 0.369388 -0.406626 0.190820 0.219658 -1.000744 -0.629144 0.302330 -0.171325 0.602760 0.210086 -0.031688 0.148456 0.253395 -0.300382 0.020404 
0.200727 0.236232 0.049906 0.392703 -0.376536 0.181298 -0.326329 0.091946 -0.011969 0.171439 -0.078328 0.180068 -0.150210 0.268143 0.020970 -0.043090 0.249491 0.973778 -0.211734 0.058750 0.182320 -0.001063 0.563833 0.027726 -0.045677 -0.124655 0.122139 0.101489 -0.065692 0.270260 
0.050081 -0.267202 -0.028698 -0.046643 -0.506173 -0.168008 -0.127383 -0.585723 0.216471 -1.531328 0.047864 0.010119 0.078721 0.313892 -0.057606 0.092734 0.132133 -0.002097 -0.320779 -0.118635 0.357914 -0.037152 -0.212162 -0.062575 0.426260 -0.571368 -0.239803 -1.795820 0.294180 0.194620 
-1.203285 -0.157853 0.602576 -0.672114 0.099016 0.177753 0.305754 0.411622 -0.121411 0.087027 0.038922 -0.368973 -0.507758 -0.977925 -0.367569 0.387323 0.009956 0.210940 -0.136670 -0.031114 -0.217589 -1.067709 0.188943 0.174194 0.345887 -0.133529 -0.243884 0.249674 -0.363035 0.259976 
0.074479 0.312292 0.152180 -0.424099 0.157390 -0.239867 0.002148 0.079193 0.234125 -0.337753 -0.047103 0.006386 -0.412245 -0.337839 0.343514 0.255862 0.249098 -0.849063 -0.003519 0.161911 -0.036164 -0.068172 -0.764962 0.206591 0.039640 0.083179 -0.056506 -0.009374 -0.131502 0.281332 
0.059818 0.523083 0.040807 -0.067308 -0.119812 0.176052 0.292923 0.082145 0.067413 0.106960 -0.137461 -0.126052 0.534944 0.097005 0.342807 0.321885 -0.227742 -0.109798 -0.229930 -0.210873 -0.400552 -0.014303 -0.083820 -0.055524 0.181572 0.078803 0.067045 0.079830 0.265897 -0.008350 
-0.214996 -0.234297 -0.122503 0.043329 0.070149 0.279126 -0.291459 0.236978 0.247071 -0.083409 -0.236684 -0.198853 0.219835 -0.144900 0.366528 -0.141869 -0.237178 -2.413661 -0.185418 0.272876 0.277000 0.317974 0.647993 -0.584953 0.273251 0.160164 0.406490 -0.082715 0.340052 0.315049 
-0.302420 -0.209805 0.335444 0.275363 0.406783 -0.012392 0.343616 -0.193962 -0.295204 0.090517 -0.003356 0.414956 0.255267 0.109910 0.121431 -0.030435 0.259165 0.237565 -0.343243 0.093937 -0.070149 0.236670 0.044166 0.257930 -0.020822 0.180062 0.136721 0.146647 -0.118818 0.040836 
0.274729 -0.035281 0.512784 0.426721 0.331823 -0.164019 -0.302841 0.015686 0.172228 -0.214269 -0.390940 -0.278687 -0.068376 0.286807 -0.023908 0.235592 -0.184911 -0.273244 0.496783 0.313896 0.016578 0.357009 -0.436305 0.533619 0.207597 -0.101514 -0.101222 -0.069515 0.226250 -0.188614 
-0.318723 0.344577 0.531112 0.483500 0.046379 -0.616979 0.231514 0.138979 0.214670 0.294883 -0.020462 -0.215185 0.391085 0.137025 -0.248268 0.173702 0.120352 0.959293 -0.315123 0.168433 0.206948 0.055910 0.254673 -0.033425 0.108314 -0.317356 0.341975 -0.175913 0.326003 0.174094 
0.089127 0.356149 0.273081 -0.083346 -0.289887 -0.382288 0.223405 0.298185 0.288466 -0.198367 0.083697 -0.431706 0.084530 0.260594 -0.170023 0.368322 -0.067654 -0.503407 0.383269 -0.210097 -0.075365 -0.328573 0.353810 -0.263290 -0.116263 0.137129 0.115511 0.139532 0.209661 0.002548 
0.010912 0.269911 -0.036928 -0.421495 -0.077845 0.585021 0.017118 -0.097267 0.231653 0.007226 0.024005 0.324651 0.124116 0.206902 0.175044 -0.239306 -0.186013 -0.035791 0.257564 0.315822 -0.033543 -0.101987 0.839150 -0.889297 -0.028732 -0.298116 -0.172155 0.157758 -0.201169 -0.080580 
0.201935 -0.048531 1.108283 1.227552 0.354048 -0.570277 0.022454 0.252144 -0.306413 0.074337 0.273702 0.128143 -0.226966 0.581582 -0.201123 0.110537 0.032913 -0.212972 0.081331 -0.041498 -0.103258 0.261390 0.078291 0.115860 -0.129700 -0.076752 -0.131739 -0.280680 -0.254039 0.164364 
0.196728 -0.025908 -0.119323 0.090004 0.043743 -0.131775 0.041614 0.020439 -0.066214 0.170913 0.711733 0.091554 0.265893 0.213978 0.112331 -0.012166 -0.042321 -1.945654 0.026839 0.042635 -0.053255 0.375729 0.332994 -0.334498 -0.320548 0.185228 0.232120 0.196849 -0.282658 0.331438 
-0.385341 -0.057116 0.558726 0.423217 0.092549 -0.414182 -0.134557 0.091941 0.162146 -0.029899 0.372485 -0.144927 0.090097 0.409715 -0.082866 0.346031 0.130290 0.529995 -0.118716 -0.101025 0.079878 0.343032 0.101066 0.384434 0.008139 0.034144 0.241266 0.093285 -0.072538 -0.250301 
0.209599 0.338116 -0.514899 -0.006328 -0.202933 -0.536720 -0.233479 -0.215868 -0.134089 -0.344539 0.030592 0.263686 -0.604575 0.010103 -0.106375 -0.210066 -0.139321 -0.253471 0.463879 0.149193 0.309710 0.268436 -0.195598 -0.048961 -0.186963 -0.242577 -0.243105 0.101088 0.144319 -0.231882 
0.032749 -0.116810 0.274772 0.133326 -0.006611 0.073287 -0.195867 -0.230950 -0.038593 0.228940 -0.323247 -0.214654 -0.221160 -0.062425 0.269663 0.086587 0.045341 -0.120446 0.012227 -0.319916 -0.311994 -0.060062 0.041110 -0.164762 -0.259555 -0.252970 0.119245 -0.196415 -0.172390 -0.337799 
-0.213685 -0.111229 -0.123457 0.065227 0.069273 -0.111938 0.099885 -0.328193 -0.159710 -0.238243 0.191656 -0.128507 0.047414 0.075953 0.011009 -0.244645 0.190613 -0.063701 -0.079405 0.018056 -0.083703 0.212598 0.199485 -0.196843 -0.099860 -0.343738 0.164331 0.132722 -0.227774 -0.051260 
-0.379880 -0.004498 -0.038930 -0.043104 -0.010678 0.090631 -0.481427 -0.723956 -0.303477 -0.548276 -0.213230 -0.755110 0.337817 0.280288 0.071032 -0.056736 -0.183752 -0.102840 -0.507913 0.050144 0.489236 -0.018852 0.421038 0.232965 0.374197 1.468255 -0.066738 -1.932299 0.129413 0.386431 
0.140356 0.246593 -0.100480 0.278612 -0.073272 -0.724220 -0.139588 0.199851 -0.210503 -0.009240 -0.115554 -0.223993 -0.094474 0.119886 0.258468 0.372053 0.247752 0.071465 -0.392278 0.169716 -0.078334 0.345573 0.110435 -0.500433 0.576517 -0.265771 0.287389 0.095055 0.034445 0.445806 
!! layer6
-0.283981 0.034839 -0.226652 -0.358724 -0.141753 0.932477 0.002626 0.356645 -0.931697 0.151221 -0.176109 -0.178042 0.142349 0.100411 0.525343 -0.189608 0.019857 0.114139 0.346377 0.150041 0.077477 -0.175249 -0.046492 0.118251 0.476375 
0.280729 -0.276282 -0.170199 -0.245124 0.123400 -0.100365 0.109993 0.317661 0.436603 -0.320433 0.198062 0.629299 0.017554 -0.322373 0.076638 0.177440 0.177495 -0.150224 -0.105219 0.103194 -0.204249 0.174904 0.061479 -0.717470 0.314386 
-0.012165 -0.300277 -2.106921 0.176177 0.017581 0.347463 -0.068197 0.281416 0.972652 0.326908 0.271429 -0.088197 0.224455 -0.194952 -0.159948 -0.124398 0.424916 0.082746 0.431433 -0.101436 0.545103 -0.136546 0.272046 -0.147041 -0.023126 
0.158930 0.231028 0.219654 -0.272748 -0.030545 -0.569021 -0.336798 -0.192876 0.520434 -0.108477 0.137700 0.168813 -0.300436 0.381087 -0.452046 -0.006631 -0.099806 0.154362 -0.037574 0.103500 0.055681 0.150104 0.332971 0.106595 0.174365 
0.484343 -0.037505 -1.047237 -0.221079 -0.447449 -0.968579 0.092948 0.197388 -0.108025 0.319488 -0.975188 -1.060478 -0.361994 0.240534 -0.130368 0.109708 0.022772 0.340653 -0.128847 -0.304516 -0.984336 0.115108 0.153973 0.096294 -0.337435 
0.033175 0.558568 0.364898 -0.079632 0.342353 -0.703936 -0.068596 -0.864716 -0.216310 0.244605 0.059306 -0.204083 0.172172 0.386944 -0.106048 0.015155 0.101746 -0.232424 -0.279398 0.140483 0.252644 -0.290939 0.310733 -0.210896 -0.028740 
0.090807 0.141550 1.402470 0.302257 0.086512 0.385413 0.401681 -0.561871 0.071508 0.109339 0.221453 -0.653242 -0.065136 0.200112 0.389414 0.144544 -0.339051 0.249247 0.130716 0.199198 0.791110 0.204331 0.267015 0.225055 -0.229539 
0.202229 0.064215 -0.760603 -0.157973 -0.017456 1.144651 0.294754 -0.080395 -0.325629 0.237363 0.086253 0.109729 0.217813 -0.195857 0.139961 -0.287429 0.159876 -0.270874 0.259843 0.044100 -0.360652 0.133322 0.056772 0.553855 0.353331 
-0.390241 0.098560 0.975989 -0.061510 0.110302 0.828569 -0.573206 0.233035 -0.314170 0.190649 0.379640 0.169933 -0.281522 0.044492 0.643496 -0.086762 -0.036119 -0.166133 0.530443 -0.120472 0.329270 -0.306454 -0.061131 0.095956 -0.454059 
-0.529696 0.146946 -0.044295 -0.320947 0.222803 0.616432 -0.270489 0.339858 0.283222 -0.127263 -0.002617 0.432184 -0.393133 0.207378 0.321393 -0.205962 -0.071368 0.170097 0.388501 -0.184758 -0.301039 0.070342 -0.100869 -0.524941 -0.107077 
-0.012416 -0.206713 0.080143 0.233115 -0.000393 0.532400 -0.060963 -0.203454 2.064253 -0.220983 -0.275352 -0.706521 0.317769 -0.442887 -0.576643 0.059643 0.099982 0.116905 0.397842 -0.286189 0.484647 0.289053 -0.053690 -0.170151 -0.070232 
-0.287778 0.380159 -0.874161 0.361602 -0.221580 -0.428100 0.043488 0.016129 0.520457 0.007029 -0.008290 -0.247205 -0.118277 0.480610 -0.343741 0.257991 -0.311718 -0.170693 0.155511 -0.048614 0.106275 -0.000118 0.101865 1.938582 -0.150994 
0.002494 0.014936 -0.332385 -0.289078 0.414808 -0.146676 0.334262 -0.194864 -0.005836 0.354687 0.238307 0.107728 -0.310396 -0.365857 -0.068192 -0.861822 -0.167919 -0.906550 -0.079641 -0.626285 0.117838 0.174543 0.236126 -0.211722 0.295080 
0.091681 0.476454 0.236061 0.143533 -0.006380 -0.324338 -0.321857 -1.236116 0.323507 0.036429 -0.270816 -0.017746 0.025013 0.291711 -0.113200 0.000420 0.305774 -0.187206 0.107280 -0.037533 -0.324603 0.368655 0.012292 0.385184 0.117593 
0.108845 0.169032 -0.714893 0.109311 0.001287 -0.136318 -0.129880 0.041200 -0.647246 0.041900 0.210484 -0.074756 -0.113606 0.133245 0.298344 -0.139969 0.303194 0.112705 -0.236817 -0.209810 -0.056151 0.316967 0.329266 -0.852628 0.183041 
-0.367010 0.633884 0.141062 0.248482 0.023321 1.063125 0.102949 -1.341870 -0.278685 0.205581 0.221011 0.612179 0.316212 -0.164948 -0.212905 0.158174 0.234345 0.031662 -0.302341 0.012647 -0.154558 -0.199933 -0.222821 0.106251 0.226639 
-0.252759 0.348298 -0.420603 -0.274780 -0.420496 1.121589 0.218371 -1.778142 -0.409839 -0.254315 -0.080897 -0.701969 0.189624 -0.084673 0.467404 0.290606 -0.070656 -0.041742 0.006335 -0.155025 0.339327 -0.155357 -0.083463 2.653626 0.323377 
-0.310173 0.571616 0.518466 -0.321375 -0.060006 0.887627 0.258152 -0.976459 -0.040949 -0.010712 -0.526293 -0.086533 -0.319619 0.358169 0.139161 -0.383768 0.239683 -0.176880 -0.008846 0.055308 -0.456784 0.312915 0.092387 -0.577634 0.190112 
-0.497744 -0.227102 0.055267 -0.229911 0.360175 0.217160 -0.267919 -0.033565 -0.405342 -0.263495 -0.117402 0.216078 -0.323014 0.246102 0.439742 0.047664 -0.238436 0.219326 0.078088 0.278946 0.753977 -0.056751 -0.345904 2.269515 -0.057425 
0.023886 0.178541 0.362329 -0.238761 0.120601 -0.728757 -0.037039 -0.642937 -0.510090 0.040413 -0.187303 -0.430492 0.225802 0.280418 -0.157966 0.411833 -0.344246 -0.032517 -0.155631 -0.181562 0.519670 0.339615 -0.033551 -0.550080 0.275711 
!! layer7
-0.282405 0.397483 0.078435 0.117924 -1.657539 0.133347 -0.488776 -0.111632 -3.159704 -0.517145 0.087851 -0.118752 1.066221 0.237940 0.254984 -0.174955 0.228322 0.204907 -0.394764 -0.091271 
0.087800 -0.031279 -0.061565 -0.285019 0.558535 0.092760 -0.146199 0.002228 -0.512717 -0.069382 0.228038 0.036054 0.584847 0.078959 -0.072425 0.411919 -0.107048 -0.195857 0.106537 -0.036676 
0.176421 -0.039084 -0.059085 0.490480 0.081425 -0.075197 -0.133614 0.041247 0.100509 0.144735 0.190245 -0.314953 0.564581 -0.075637 0.107870 0.003777 -0.300639 0.222230 0.153687 0.257796 
0.354435 0.318616 -0.239147 0.261574 -0.628275 -0.110146 0.185389 0.267709 -0.166568 -0.199487 0.201020 0.369361 -0.320264 0.328086 0.222516 0.327042 0.241239 -0.348774 -0.803147 0.130645 
0.170981 0.312092 -0.204660 -0.572585 0.525777 0.191529 -0.271452 0.118916 0.423841 0.381150 0.145741 0.328103 0.941594 -0.527035 -0.155890 0.220847 -0.344041 -0.948985 0.346934 0.199715 
-0.098667 0.334784 -0.437061 0.112236 0.041068 0.016265 0.235463 0.244794 0.334922 -0.148621 0.308057 -0.025591 -0.259586 -0.111977 -0.096826 0.070193 0.000200 -0.105590 -0.356018 -0.344287 
-0.274831 -0.185819 -0.185675 0.178017 0.229927 0.053853 -0.349654 -0.160186 0.036760 -0.362984 0.267773 -0.049276 -0.032912 -0.283438 0.039242 0.055597 0.146502 0.099188 0.124564 -0.366241 
-0.055159 -0.214311 0.307701 0.232843 -0.442351 0.071607 -0.121859 0.226967 -0.184176 -0.096050 -0.539768 0.965433 0.257093 -0.091962 -0.306106 0.200489 0.344797 0.114677 0.175872 -0.058670 
-0.410109 0.302600 -0.029878 -0.271089 -0.175437 -0.383180 -0.052101 -0.171431 -0.080401 0.285988 -0.081389 0.948423 -0.318137 -0.697520 -1.030613 -0.123930 0.323675 0.354610 0.451570 0.210376 
-0.247022 -0.158724 0.228430 -0.150721 -0.258273 -0.357734 -0.506586 -0.180958 0.376897 -0.209283 0.263793 -0.348297 0.113144 -0.375460 0.347905 0.287552 -0.360759 -0.321102 -0.186395 0.127589 
0.381426 -0.080348 -0.396080 -0.124693 -0.308563 0.210865 0.003993 0.387898 -0.209426 -0.224917 0.332693 -0.076310 -0.480357 0.069491 0.030441 0.061222 -0.167758 0.191208 -0.329466 0.065929 
-0.105286 -0.167324 0.338073 -0.311988 -0.201664 0.013702 -0.009578 0.190517 -0.835894 0.358764 -0.214846 0.665143 0.541587 0.262436 -0.142717 0.075863 0.434946 0.372777 0.322543 -0.143534 
0.139732 -0.175554 0.139900 0.265799 0.186847 0.366295 -0.042682 -0.380418 0.032667 0.299864 0.037366 -0.456413 -0.085414 0.296811 0.113378 0.266290 0.204720 0.321191 -0.199482 0.248006 
-0.012909 0.083850 -0.515352 -0.198705 -0.428480 0.372708 0.222361 0.273287 -0.514460 -0.089198 0.119291 -0.268278 0.764836 0.377133 0.257987 0.151177 0.026830 0.437257 -0.434812 0.044658 
-0.451558 -0.051838 -0.105270 0.346921 -0.239413 -0.566790 0.436747 0.224201 -0.037807 0.186882 -0.106513 0.292837 -0.412438 0.178210 -0.122643 -0.031054 -0.053052 -0.827499 -0.973846 0.416545 
!! layer8
-0.251302 0.369884 -0.557246 -0.859574 -0.031040 0.360450 -0.013772 0.159096 -0.336141 0.159090 0.413112 0.357075 -0.145847 0.251899 0.431846 
-0.052905 -0.188753 0.037957 0.097575 -0.055781 -0.237714 0.013828 0.364218 0.311070 0.163777 0.446413 -0.235665 0.221740 -0.168242 -0.133829 
-0.601152 -0.472849 0.311436 0.176829 -0.367318 0.251606 0.155395 -0.653919 0.342592 0.208445 -0.630861 0.274285 -0.378340 -0.223924 -0.130312 
-0.393068 0.171112 -0.057804 0.068290 -0.146023 -0.517542 0.075247 -0.316250 0.607095 0.231346 0.279911 -0.369632 -0.366698 0.495134 -0.793212 
0.903179 0.428484 0.421360 0.245677 0.014499 -0.211379 -0.277248 -0.008916 0.094339 -0.452974 -0.198840 0.323123 -0.323532 0.172592 0.052468 
0.285108 0.408802 0.255514 0.097896 -0.637687 0.132394 0.189853 0.013135 -0.064535 -0.219975 -0.317977 0.351334 0.397652 0.254640 0.572340 
-0.028255 0.149442 -0.697901 -0.533835 -0.078742 -0.271274 -0.454379 0.176996 -0.478888 -0.076126 0.412772 0.362284 -0.037604 -0.352626 0.417948 
-0.576795 0.225238 0.557556 0.502417 0.078859 0.214605 0.076596 0.074624 0.036286 -0.186809 0.262355 -0.118654 -0.199213 -0.318813 -0.237443 
-0.048651 0.318692 -0.101869 0.285782 0.228759 -0.651718 0.077167 0.198405 -0.208082 0.330747 0.125804 0.179303 -0.217637 -0.194198 -0.359413 
-0.473120 -0.063576 -0.333668 -0.312097 0.225650 0.255182 -0.397788 -0.042590 0.101492 -0.325510 -0.088175 -0.145201 -0.120454 0.382320 0.393667 
!! layer9
-1.483192 -0.062778 0.282889 -0.066095 0.168820 -0.172432 0.194476 0.492741 0.452947 0.293725 
0.539927 -0.337357 0.166351 0.335960 -0.117354 0.518755 0.191799 0.064591 -0.142636 -0.402266 
1.006846 -0.061400 -0.090977 -0.658450 0.517872 0.097088 -0.049854 0.268748 0.131538 -0.003453 
-0.572459 0.378000 0.042545 0.095145 -0.136014 0.367846 0.695407 0.423575 -0.410307 -0.345887 
-0.147781 0.442640 -0.574718 1.123472 0.007209 -0.145450 0.062511 -0.211278 0.156983 0.445584 
!! layer10
0.466331 -0.006132 -0.594008 0.431215 0.561098 
0.892877 -0.097857 -0.121089 -0.635974 0.014208 
! activations
relu
! out_activations
identity
